52 79.78841304382034
56 77.34877404896353
60 74.20055833742248
64 70.66022206604325
68 67.23948522409022
72 64.0641597071923
76 60.97295792023991
80 58.230575101671946
84 55.79822786201802
88 53.59494798278926
92 51.49978434904389
96 49.62427069443616
100 47.96953595258372
104 46.411200795028265
108 45.05709170514088
112 43.70174354923741
116 42.81531061108621
120 41.74092977362848
124 41.01739434893775
128 40.6322608921232
132 40.294003436906536
136 39.944555677186486
140 39.7039072710985
144 39.83027108277966
148 39.8905491873865
152 40.070664619668314
156 40.43096424543208
160 41.03090133350909
164 41.75392299585526
168 42.66091492873372
172 43.654087273610294
176 44.83888248150857
180 46.3051782292794
184 47.87889692376525
188 49.61944566802785
192 51.41370604265604
196 53.28637923500846
200 55.71588148868556
204 58.168586937169074
208 60.57861467050582
212 63.15772258248505
216 65.97491793068731
220 68.87964793193129
224 71.72653306618233
228 74.54274073556684
232 77.58063484697709
236 78.97674752661915
