60 187.2161363965696
64 190.74698435322347
68 193.73671843733368
72 196.69922359582748
76 199.43923178623783
80 201.87868953152378
84 204.09155275725496
88 206.24755053550786
92 208.24589506712488
96 209.72199078251174
100 211.3830085771926
104 212.72759450756527
112 214.90706996201348
116 215.60686407972398
120 216.32726881899913
124 216.83107030166803
128 217.39459712014892
132 217.7332000179135
144 217.7678095308022
148 217.59919517566348
152 217.10209507677737
156 216.5849495988218
160 215.66814630115965
164 214.78269946581807
168 213.62018581784437
172 212.35568920190616
176 210.9396182733534
180 209.21674458356148
184 207.42494219341924
188 205.3086011470785
192 203.16554790945833
196 200.7627247199111
200 198.23525100858288
204 195.45677815155955
208 192.4107428522078
212 189.2920778324521
216 186.0937399210311
220 182.49897991568272
224 178.74886257697204
228 174.70031337050625
232 171.0555131720788
