60 187.46686679694864
64 191.03668641642818
68 194.1202882672409
72 196.9243463894635
76 199.26439221196523
80 201.74659392300327
84 204.21148373862698
88 206.26065970523442
92 207.98322477785933
96 209.62402467285273
100 211.25988344215054
104 212.59388325172424
108 213.80861423826067
112 214.89991794315642
116 215.6968833869236
120 216.3462633679304
124 216.90810253637238
128 217.38431715949926
132 217.80221279007498
152 217.54994430823297
156 216.99884047889938
160 216.29279780715717
164 215.48069120616884
168 214.36658507349242
172 213.04295130293883
176 211.56517885713563
180 209.8511551323781
184 208.08721964198418
188 206.3064490693262
192 204.25185824333735
196 201.95610920879048
200 199.36270676697336
204 196.63043745936804
208 193.6964375471642
212 190.67912618266962
216 187.22764340866257
220 183.7485589781761
224 180.1348321730759
228 176.1536486066003
232 171.1178591115767
