60 188.1828563550901
64 191.31802993466405
68 194.23791333996945
72 196.93163452463875
76 199.30194213035193
80 201.9129340950954
84 204.32502606300494
88 206.4273879796914
92 208.22913151720692
96 209.90606535313526
100 211.42157933122095
104 212.8680416999544
112 214.92248179705433
116 215.5271495884134
120 216.304510965906
124 216.90143674576797
128 217.5250188625065
148 217.69616321922308
152 217.1535173229533
156 216.4683214620605
160 215.7433804104174
164 214.95608542722428
172 212.70433439043353
176 211.24124062817114
180 209.65995217931396
184 207.8027124689601
188 205.7550525287782
192 203.69075414700924
196 201.35552402492516
200 198.66452373117156
204 195.86745109640884
208 193.02293467578778
212 190.12034386651757
216 186.88086032621402
220 183.22340233170937
224 179.13494950695366
228 175.18416545473877
232 170.98266299079125
