60 187.87619057713096
64 191.28560056749654
68 194.33901119597746
72 197.13803512631398
76 199.59198422396548
80 201.9862639576301
84 204.1356588568474
88 206.10721653188057
92 207.94391331320725
96 209.61076327484253
100 211.21014851135882
104 212.58956011773512
108 213.81243515855573
112 214.80279573039854
116 215.4177024526016
120 216.14499217223613
124 216.66254153758868
128 217.2482729068937
132 217.56698324822884
144 217.73346485460343
148 217.42299674703867
152 216.728885987297
156 216.089876907028
160 215.3265586998134
164 214.6174960569586
168 213.60584464076047
172 212.38659781791165
176 210.9541746086015
180 209.2387293202276
184 207.56355462710061
188 205.57415609776712
192 203.3896543675052
196 200.75803705775414
200 197.97877349954075
204 195.36502383992791
208 192.61595110654093
212 189.5516474382485
216 186.3299968994778
220 183.03393902658743
224 179.2259228154752
228 175.1164878457438
232 171.09592966547797
