60 187.84590828491997
64 191.19835877170254
68 193.90828007108166
72 196.63569056574195
76 199.11850506347704
80 201.51388765370183
84 203.98855994235635
88 206.2939200188169
92 208.21842784927037
96 209.96629595934476
100 211.48245598666705
104 212.75291291785834
108 213.75998407536906
112 214.7497938008554
116 215.59666164772622
120 216.32167173636057
124 216.84043526669697
128 217.37764762113818
132 217.66980519619293
144 217.7346602248534
148 217.56220588516115
152 217.01451105124764
156 216.3345064744678
160 215.65104591070414
164 214.7680690127819
168 213.6438710104886
172 212.4775135357764
176 211.11744275393679
180 209.32951290506173
184 207.55552722839735
188 205.4092449520007
192 203.185790695141
196 200.79974124763493
200 198.34883725018983
204 195.76518074985154
208 193.04970448157087
212 189.8168408972578
216 186.35725291311448
220 182.55529848175587
224 178.69396689871326
228 174.7980982662745
232 170.48666630121494
