60 187.69556228435783
64 190.74182979213543
68 193.58770768909704
72 196.06749125098938
76 198.6185560736937
80 201.25365094152733
84 203.53916028825518
88 205.59456182669228
92 207.41037949421633
96 209.0295450127706
100 210.60617898207084
104 211.97794751261102
108 213.2247043443254
112 214.1884565770379
116 215.12629274609907
120 215.8247625780454
124 216.35916860507635
128 216.94946491369777
132 217.43002867504276
136 217.69032477217286
140 217.77562789785608
144 217.54849783536307
148 217.2526447199222
152 216.7640120734958
156 216.2442885296994
160 215.62208776524642
164 214.93861984087513
168 213.87253742717152
172 212.62612260457985
176 211.1447474054808
180 209.3989543691711
184 207.52839366644176
188 205.50514404798383
192 203.55502640713476
196 201.23029296308397
200 198.60198285402234
204 195.66438723151535
208 192.66848198505363
212 189.59574424352576
216 186.50989798057677
220 183.3888557011165
224 179.71482025911826
228 175.7809510753926
232 171.1803001466249
