60 188.62344528723662
64 190.6991837498196
68 193.52557164582186
72 196.6279156593382
76 199.3519808247837
80 201.78505317848052
84 204.14353141926003
88 206.20085809629154
92 208.03347272862325
96 209.72230966761646
100 211.3412732659429
104 212.59728896817344
112 214.959396798213
116 215.74894844981824
120 216.45737114285913
124 217.0098041577383
128 217.5524323158837
148 217.82530156220125
152 217.4061891192876
156 216.69041219098906
160 215.9601819804215
164 215.17112185606044
168 214.24141105443476
172 213.06392130124848
176 211.71503645041673
184 208.0795435193149
188 206.08270212351187
192 203.98019266888338
196 201.66310372391325
200 199.10098536236092
204 196.29344367540153
208 193.41140320353978
212 190.15372078984967
216 186.7094372916467
220 183.17386643858532
224 179.55566598661173
228 175.6199583232182
232 171.90985288486078
