60 188.37466129513012
64 191.34342792976085
68 193.83345581585917
72 196.61251472015232
76 199.1827661739896
80 201.5870319686387
84 204.0186990288601
88 206.18945446340808
92 208.02665606711776
96 209.8137211611833
100 211.4318461126307
104 212.75229043044843
112 214.93543269068346
116 215.65095388955683
120 216.44731265018223
124 217.03615386980084
128 217.4820232638046
132 217.77679223115183
148 217.70398852483453
152 217.1352720461037
156 216.4917474061288
160 215.7844053080295
164 214.99441653173244
172 212.8498180182223
176 211.45470321191715
180 209.82197337846685
184 207.88379619741238
188 205.9458421022377
192 203.98857823598087
196 201.63223276439288
200 198.83032133398152
204 196.07525119264835
208 193.2645171233481
212 190.06862429830866
216 186.72647800104414
220 182.92062655693394
224 179.13427330262726
228 175.3225148045638
232 171.45734891304141
