60 188.22399414264856
64 191.17807296752923
68 193.59164435095266
72 196.18706175216127
76 198.61815722711435
80 201.29613322013432
84 203.65537636812172
88 205.6825249262531
92 207.46572457431193
96 209.1016776880711
100 210.78164849937798
104 212.19732469624063
108 213.30443021514668
112 214.3685868580684
116 215.09956369225762
120 215.8751350857245
124 216.46066999491288
128 217.09843658984033
132 217.5396683105699
144 217.62283945615758
148 217.38074473610303
152 216.89607737957076
156 216.4067962149689
160 215.6218614070676
164 214.83926998833604
168 213.76102434770027
172 212.61565256475413
176 211.20871893980313
180 209.63445196202915
184 207.66086702204308
188 205.60172284569566
192 203.45140256612916
196 201.19872620544015
200 198.50845454860175
204 195.869618707235
208 193.25105919754952
212 190.27723030699724
216 186.8334008225599
220 183.1763509947758
224 179.4842722572298
228 175.46355767519125
232 171.47649895690722
