60 188.14469999100425
64 191.21574993255956
68 193.92746480483532
72 196.7489534586597
76 199.22176035435592
80 201.69164525995328
84 204.119403358333
88 206.16875903950648
92 207.9981671209211
96 209.6049446124918
100 211.106187973815
104 212.4375370426226
108 213.66195109172335
112 214.7241974839326
116 215.44495972508454
120 216.1035838517736
124 216.67918176220965
128 217.26649883781212
132 217.63772572119473
144 217.79304545735752
148 217.5646599574588
152 217.1253987008753
156 216.4404436045266
160 215.79484689871572
164 215.04492197992369
172 212.60765161112704
176 211.12510409229878
180 209.48297385675534
184 207.83180729947034
188 205.89346452366902
192 203.8916717112044
196 201.60659692164361
200 198.88275459155105
204 196.194306305084
208 193.43486951394598
212 190.43100767153976
216 187.19243554140152
220 183.60372084566214
224 179.87755151512104
228 175.65194517875824
232 170.90441934897137
