60 188.61859291317398
64 190.82205592082977
68 194.0870140186869
72 197.0126023870164
76 199.52504545322813
80 202.0579999344929
84 204.35245469416373
88 206.3587018087573
92 208.25917011112352
96 209.9611377585373
100 211.5828248302588
104 213.01247703919387
108 214.3390552163815
112 215.29116919033214
116 215.9550757798668
120 216.63787647787203
124 217.20255058248688
128 217.8141359742122
132 218.23720364074137
136 218.44179247928878
140 218.54858949324932
144 218.263009192229
152 217.38922820522149
156 216.76468562154201
160 216.124656120659
164 215.36087046516118
168 214.37558809651307
172 213.15387731439722
176 211.71727393420997
180 210.12598113346587
184 208.3321698449274
188 206.35424726551233
192 204.19611833926928
196 201.87375992788012
200 199.13558093179313
204 196.44675209997715
208 193.55311087165575
212 190.3478547805214
216 186.99505165206557
220 183.4647493959852
224 180.01759321519944
228 176.3469952926858
232 171.57930175624733
