60 187.20927749856696
64 190.6495697584133
68 193.59656353267303
72 196.4381769723391
76 198.62493960837014
80 201.06695711641112
84 203.5064501572143
88 205.64993771057433
92 207.51758573931681
96 209.1293090257833
100 210.6888405263968
104 212.09980824408095
108 213.2854654610758
112 214.31864601732144
116 215.16861996182342
120 215.8495986582233
124 216.3505749557116
128 217.04043941391922
132 217.4293734685508
136 217.83223298687878
144 217.77213725441084
148 217.49651056522964
152 216.81165158410514
156 216.23071964895857
160 215.47458102745856
164 214.66134564346714
168 213.590091653309
172 212.3690642712995
176 210.95075608441613
180 209.1874187441025
184 207.408506475578
188 205.61366036390422
192 203.55916950631172
196 201.04424153389297
200 198.4713682104159
204 195.7834635477967
208 192.978476069343
212 189.90030552332416
216 186.80545491145023
220 183.42042033743454
224 179.85227407337283
228 175.32746719970254
232 171.35803645086486
