60 188.92013982150775
64 191.42634768569408
68 193.74952390826127
72 196.4487512392344
76 198.89186963207098
80 201.37776050875007
84 203.78898532860734
88 205.98490844614656
92 207.9105124773209
96 209.5837352336223
100 211.06290746398724
104 212.14803679818354
108 213.3010423058637
112 214.31827147777759
116 215.1281392263926
120 215.86770214943058
124 216.42996759615124
128 217.0061971045054
132 217.455766845483
148 217.53053673943833
152 216.89427307545526
156 216.19355837671506
160 215.49340145915033
164 214.6636564889812
168 213.6280663950726
172 212.54090759432472
176 211.15581206018115
180 209.51484188852638
184 207.64362843732656
188 205.5216601116532
192 203.38547301614622
196 200.98453925479743
200 198.47206598574527
204 195.67430330625166
208 192.90592480664242
212 189.8306953611722
216 186.47984235911687
220 183.18185076629936
224 179.84779616324622
228 174.80579874131584
232 170.93025308470428
