60 188.70484647799572
64 190.884343497241
68 193.96147507381568
72 196.6864719431015
76 199.02085179743804
80 201.31861906473208
84 203.72938388269603
88 205.99969880344608
92 207.90182052347157
96 209.5603890367542
100 211.16449065851754
104 212.55597875888543
108 213.76725210539092
112 214.80896739824618
116 215.50669700447605
120 216.17124500839435
124 216.67877395337143
128 217.28787863821844
132 217.6908934344087
148 217.75995437407187
152 217.2200235311658
156 216.60121467239162
160 215.98731938351398
164 215.3279001306764
168 214.27443538140298
172 213.07192698363733
176 211.60138157217398
180 210.12177062827212
184 208.22950153452976
188 206.2489809403489
192 204.11965538787757
196 201.703722596849
200 199.06799211554818
204 196.37743613838464
208 193.66182922358144
212 190.66355209873666
216 187.42901983678104
220 183.92916212439025
224 180.37905041887126
228 177.1056785399718
232 172.86369366625132
