60 186.47320223699285
64 189.7406836975337
68 193.10696747669496
72 196.09929048115416
76 198.59568958770288
80 200.8637784698194
84 203.1042592777098
88 205.04944439459132
92 206.93771737777172
96 208.66252819748135
100 210.29813502055524
104 211.74068452137334
108 212.837944763203
112 213.8748394895061
116 214.64845651006976
120 215.23496868050756
124 215.85169484368916
128 216.29160962156308
132 216.62647353092763
136 216.8696779099362
140 216.91797984934686
144 216.92899542659808
148 216.69927853803557
152 216.5149214871402
156 215.87550110297968
160 215.11808366185414
164 214.2050885931207
168 213.26261397169057
172 211.969571449442
176 210.49958328953875
180 208.88749208822284
184 207.1450023279464
188 205.23416553761044
192 203.15626490575193
196 200.70312670317392
200 198.0667980957626
204 195.42429981878826
208 192.69894626398556
212 189.62607053306849
216 186.33385055013827
220 182.72930583327872
224 178.73803000657605
228 174.7505056589141
232 170.98299717715128
