68 197.29002341388463
72 198.5985167261788
76 200.79232641667107
80 203.05851877000458
84 205.27593531234442
88 207.26414476627195
92 208.9814086175634
96 210.58563045437882
100 211.9256361275546
104 213.118073723487
108 214.14126343971242
112 215.09318689694675
116 215.89334008312397
120 216.64378869147922
124 217.16886920327104
128 217.61015147804773
140 217.69592237983537
144 217.3241662026242
148 216.75443087393313
152 216.224639888743
156 215.6629118287813
160 214.9020268178574
164 213.869311665907
168 212.72818260606633
172 211.4089705218914
180 208.28668227427698
184 206.32990857534992
188 203.987377363188
192 201.5926110983899
196 199.10971562996482
200 196.3331939599105
204 193.4172664237372
208 190.49974754454425
212 187.40853396854655
216 184.23409819546077
220 180.5667108961157
224 176.48807017561808
228 172.76830914196012
232 169.19459233953506
