68 195.72959539522412
72 198.04823874094257
76 200.4410246032529
80 202.76910260223772
84 205.0686177082152
88 207.2325627936283
92 208.93819584111657
96 210.35410757907636
100 211.6950965857469
104 212.9727392233847
112 214.93759402592664
116 215.64025386977315
120 216.24815786966627
124 216.7915816664448
128 217.0936804198838
132 217.3947512291469
136 217.53634123138065
140 217.29427412796664
144 216.8911266044864
148 216.49496264916698
152 215.97790926455764
156 215.40670145673582
160 214.67509948107895
168 212.76452210522484
172 211.3150156086035
176 209.52027366051632
180 207.6552721732824
184 205.69974331869528
188 203.58820883912213
192 201.52625841309222
196 199.18265101126343
200 196.44211221110447
204 193.40243636742173
208 190.41629001277238
212 187.3010868624645
216 183.82300179048713
220 179.9431793634078
224 175.74461234886056
228 171.94244885807518
232 168.63866353155555
