80 202.4988778495404
84 204.56215959328281
88 206.53924228134696
92 208.27729065109617
96 209.93720064282695
100 211.382893494011
104 212.58878129553037
108 213.52519884729907
112 214.30588636627078
116 215.04453981212316
120 215.55087464051556
124 215.91014199144408
128 216.1292775807704
132 216.38228851369774
136 216.42291661572327
140 216.25916094717007
144 215.9711554167436
148 215.40977713169178
152 214.84877587418086
156 214.1586917684252
160 213.3076862282965
164 212.14671433281654
168 210.9136661100075
172 209.513343348305
176 207.79039217349566
180 205.90751371141783
184 203.94441576440843
188 201.9974282342028
192 199.68869495455294
196 197.16946935235785
200 194.21497371482528
204 190.98441521442936
208 187.76673570017093
212 184.55052143257583
216 181.05229270536591
220 177.5836258623404
224 174.04096422380493
228 170.3410588387547
232 167.16446253517384
