60 190.93590965176537
64 193.65677562392153
68 196.52278733505236
72 199.0501324304823
76 201.55361665163673
80 203.98219241346663
84 206.17033223969784
88 208.1671598086482
92 209.83447152395905
96 211.45035480268797
100 212.85705364834033
104 214.25206038721748
108 215.30663348090354
112 216.05442030711225
116 216.7166791574837
120 217.36787701437387
128 218.25712786359912
132 218.47373705849714
136 218.5892470830273
140 218.4509669824693
144 218.33803686419384
152 217.41935195393248
156 216.6940709337003
160 215.8373337029856
164 214.91500887436388
168 213.7339364989806
172 212.45407054969226
176 211.00818363235305
180 209.19202941697662
184 207.27581216146157
188 205.16524540458775
192 203.05731600075745
196 200.55442290892896
200 197.74061607616056
204 194.9134515332277
208 191.6267485947461
212 188.3474367056553
216 184.93678327185452
220 181.3375473513269
224 177.56852289910847
228 173.84769893851762
