104 211.44978981541934
108 212.16131128515937
112 212.95336390352534
116 213.54220593777032
120 214.15933573615706
124 214.48840754077008
128 214.56812278790892
132 214.61031956348165
136 214.65280314468987
140 214.49917345865632
148 213.77410081767044
152 213.2330651413882
156 212.566015155029
160 211.58912979941616
164 210.355709531196
168 208.86902421198226
172 207.3300281635888
176 205.49488050342757
180 203.66263828485103
184 201.509811660526
188 199.4648651259986
192 197.14735399032895
196 194.59462002769484
200 191.70753281276177
204 188.6490324493157
208 185.63097206447162
212 181.8739600557422
216 178.03203356438888
220 174.50998104313956
224 171.06383103585142
228 167.3065456475578
232 163.5702941808856
