60 191.7146834522684
64 194.12851744832093
68 196.46488110489946
72 198.6986270878474
76 201.20182409032637
80 203.7442984508504
84 206.1491684181084
88 208.2925122212912
92 209.92379577859765
96 211.5474091934444
100 212.8478214507973
104 214.09398781591835
108 215.12056273530175
112 216.00069201854578
116 216.79399314568394
120 217.4013988275709
124 217.72776049047107
132 218.3573798164888
136 218.70843000372247
140 218.51071934738727
144 218.16729365046572
148 217.7882147764147
152 217.2480495985488
156 216.6470974358066
160 215.73244353822636
164 214.62220155866453
168 213.39388485035073
172 212.17883937847458
176 210.86125090271398
180 209.13023747346523
184 207.16120816748384
188 204.92241307426707
192 202.47163252769306
196 200.01437132312475
200 197.53249470615893
204 194.72979673663727
208 191.64279358933987
212 188.45140895023548
216 185.11750787201947
220 181.6969753253154
224 177.78561555988045
228 173.4917367561182
