64 192.49692497215108
68 195.6803889279421
72 198.3940432552143
76 200.77710883672472
80 203.15932735546124
84 205.38200295533574
88 207.40603148175575
92 209.06723927230036
96 210.81542118951063
100 212.26916340904376
104 213.5105051210075
108 214.59106649974598
112 215.4937771402885
116 216.17843100591682
120 216.71976170037453
124 217.13230780680084
128 217.7231639333933
136 218.3301567498214
144 217.72595294340678
148 217.33495424960438
152 216.80778218559712
156 216.27943095128626
160 215.52046171087014
164 214.6595431655428
168 213.3902988601527
172 212.10352355091555
176 210.6768270310146
180 208.78535839403034
184 206.70059568566882
188 204.79434509936075
192 202.57613877785596
196 200.0133764930818
200 197.38912057423315
204 194.55180368336121
208 191.47465170734017
212 188.32538279993906
216 184.86110712280956
220 181.22410155884046
224 177.13190249573026
228 173.1331044620971
