64 192.70570508647035
68 195.32315117920552
72 198.10357321331023
76 200.4007129467397
80 202.68139536356244
84 204.9848736679152
88 206.96693992405935
92 208.8177405591938
96 210.67165561045206
100 212.1974670270131
104 213.59684660470458
108 214.4836190159328
112 215.07099476583215
116 215.64810209360346
120 216.3062582642972
124 216.6765943165133
128 217.1072823143805
132 217.23651345646914
136 217.21658030456643
140 217.19432256621326
144 216.90074988986277
148 216.58986378176917
152 216.1291966475722
156 215.48637901267955
160 214.7684057806413
164 213.8373406780942
168 212.72788464742894
172 211.41815368231784
176 209.86256455705646
180 208.13700692648692
184 206.00176828339522
188 203.8604584030394
192 201.62088395006083
196 199.23869255358088
200 196.60807829260045
204 193.6318272174824
208 190.79887637997786
212 187.68904819351016
216 184.24676649512395
220 180.5042751493229
224 176.8455930718132
228 172.10718503152714
