60 191.6313223894847
64 194.28742919209228
68 196.92401909727377
72 199.66088651675608
76 202.09434173770566
80 204.42287979907192
84 206.5924066973851
88 208.48690950486076
92 210.35477468605401
96 211.9472522274516
100 213.36882828491127
104 214.54125104887817
108 215.5485724573439
112 216.30491435973585
116 217.07028355962532
120 217.68863041705507
124 218.2070805287336
128 218.44211735075694
132 218.55893156165706
136 218.63705995732073
140 218.55714379648435
144 218.3437727871557
152 217.46756300849583
156 216.8477108009963
160 216.12581902166332
164 215.09641320357088
168 213.82148553759288
172 212.4106631240231
176 210.83591321174328
180 208.9814874994875
184 207.12445896611393
188 205.12956562759678
192 203.00031435338556
196 200.49703988783236
200 197.89730796108518
204 194.9069093109357
208 191.66274177217542
212 188.39157999499162
216 185.03658354410783
220 181.343068320719
224 177.2064582890606
228 173.6364097273306
