60 190.5963726981479
64 193.5869431959092
68 196.27204982307381
72 199.03685990550488
76 201.42063838256587
80 203.87222734353224
84 206.16650468977957
88 207.984275767356
92 209.67412636955845
96 211.3707691666599
100 212.8060293670958
108 214.8376355935936
112 215.57937761085094
116 216.37815653110567
120 217.1554401145033
124 217.7394391795189
132 218.37684944514237
136 218.57429848919838
140 218.38468996276345
148 217.61447798957147
152 217.0346251666498
156 216.3738007362203
160 215.6215078004322
164 214.79069193975442
168 213.67467886776743
172 212.46945213769325
176 210.98024941398552
180 209.30239701853017
184 207.11002431755
188 204.8629938289657
192 202.62795932688886
196 200.06214447656157
200 197.39271503739747
204 194.72797735941714
208 191.62849312717154
212 188.27184799315268
216 184.77035736221148
220 181.11801425832132
224 177.51663477443827
228 173.63324217087376
