60 190.08648731545037
64 193.3156431073478
68 196.19260894576684
72 198.74274046479601
76 201.05893040502684
80 203.41291745301533
84 205.6547444223058
88 207.7545315363317
92 209.49277989375628
96 211.10006711857034
100 212.6579713529248
104 213.85183622759916
108 214.9024967451715
112 215.80313649455803
116 216.48141412551882
120 217.16149712026453
124 217.67514852428013
132 218.3691397451984
136 218.53147397099698
140 218.41357966469684
152 217.35711215705444
156 216.6264157526878
160 215.63593955368447
164 214.6055819582944
168 213.34065470523979
172 211.9929387667466
176 210.51854043227945
180 208.72609051885047
184 206.84437851127285
188 204.64335313599338
192 202.223123335184
196 199.77707448998626
200 197.17875212363788
204 194.41184767702043
208 191.35485911463456
212 188.35479583879123
216 185.06757352570037
220 181.24953196460348
224 177.3644496601137
228 173.4940901958502
232 171.20760053475584
