60 190.78833128031772
64 193.3700382333668
68 196.08700599255195
72 198.62981590931994
76 200.98607373155062
80 203.24827718054752
84 205.30726474975924
88 207.35254538019208
92 209.14294060817534
96 210.81562262925894
100 212.2591559780069
104 213.55367523715836
108 214.55595225228888
112 215.37730035401174
116 216.0847425581506
120 216.84403318902517
124 217.35897458226066
128 217.83512350024287
144 217.76284301476952
148 217.4930443855925
152 216.98479581093528
156 216.29692464583843
160 215.45611282910568
164 214.35373814048586
168 213.12057114306913
172 211.83459342297922
176 210.34964285699493
180 208.51251031553298
184 206.61796770551888
188 204.56139057746333
192 202.36449943094345
196 199.8347401747938
200 197.14715854175012
204 194.4593223201528
208 191.4495523932489
212 188.05928344098706
216 184.31723805280706
220 180.47105645581155
224 176.89789386922092
228 173.11803946509468
