60 190.3191790889203
64 193.76298225830283
68 196.69479891488714
72 199.40607240542369
76 201.95116012892873
80 204.21026213299407
84 206.31692678053622
88 208.32960194376543
96 211.60425620909166
100 212.854256019866
108 215.17934966882734
112 215.99208234102386
116 216.88260716875592
120 217.5087846372776
128 218.327383054838
132 218.5441862725892
136 218.6188861256372
140 218.51733601406494
144 218.31699341569828
152 217.3447199233098
156 216.66208360307272
160 215.87268793980485
164 214.79805606594653
168 213.47765213501032
172 212.11534928580167
176 210.51852989136736
180 208.7232788044032
184 206.8376209077839
188 204.78963888378763
192 202.57781196886157
196 200.04898277146134
200 197.30518533591155
204 194.36720305531998
208 191.2417257093952
212 188.10012660021607
216 184.85240404692223
220 180.9560971607318
224 177.4330798673789
228 173.98519843347043
