60 190.81847833064526
64 193.75261907394054
68 196.61489513839683
72 199.46469720983595
76 201.9399080375497
80 204.19933552580414
84 206.27568088173498
88 208.34102277234462
92 210.14805849467547
96 211.76392368916112
100 213.15706688230313
104 214.258367178873
108 215.1634560198487
112 215.99979453733394
116 216.75562889349354
120 217.4785208329287
128 218.38135647004137
132 218.53697444261113
136 218.6719387015913
140 218.55840735660155
144 218.44894420677053
152 217.4624629057585
156 216.82281125955467
160 216.0936460761361
164 215.17984342959264
172 212.6603419829157
176 211.00151853390582
180 209.15234837938226
184 207.194050645949
188 205.01538951864416
192 202.72771125789845
196 200.18959800062302
200 197.3442376451844
204 194.47672795368672
208 191.4944076822261
212 188.27448719053803
216 184.84856002000583
220 181.05722569954736
224 177.53855994318621
228 173.81425253808862
