60 189.85547528442794
64 193.0509450370128
68 195.8288759861766
72 198.5082422763977
76 200.96924524623822
80 203.27589364993057
84 205.4294368031933
88 207.46150318984934
92 209.1651807585208
96 210.83451786924644
100 212.42724739521236
104 213.79128298953756
108 214.8490113400249
112 215.66290116134567
116 216.40800090838022
120 216.8299708351238
124 217.32539909367907
128 217.74169387428196
148 217.589306019111
152 216.82583096862953
156 216.06786117342872
160 215.25177618461052
164 214.32829676637832
168 213.3107222019587
172 211.9359085046345
176 210.253580668155
180 208.3363334849341
184 206.3370163346623
188 204.3419772088792
192 202.12660470675667
196 199.76735049723584
200 197.01056956895548
204 194.0941083142722
208 191.08093409799702
212 187.85886080040524
216 184.53508186874706
220 180.6010452559383
224 176.95616889556402
228 173.1795836414893
