60 190.64951185957642
64 193.5917840267426
68 196.4856179137962
72 198.9754715837949
76 201.34844855238083
80 203.6988379979304
84 205.83990526238364
88 207.83276031376636
92 209.50185479723416
96 211.06050502020574
100 212.41659783595568
104 213.76405979403455
108 214.8443524550283
112 215.68240582141198
116 216.32007290321715
120 217.00825306804052
124 217.45728367889933
144 217.7423869972556
148 217.36015502189485
152 216.77526079640646
156 216.1154797277914
160 215.3531409217658
164 214.23538144985588
168 212.99792968292633
172 211.69438311619916
176 210.21553786620112
180 208.44512708624188
184 206.59441241321343
188 204.4892640622122
192 202.13175351036017
196 199.6275757128199
200 197.05397786547084
204 194.04152259991395
208 190.62965039730216
212 187.38390081016945
216 184.24556843329177
220 180.63657731735844
224 176.96156441571304
228 173.27354715162483
