60 190.19681912240605
64 193.3520563575828
68 195.97630331659934
72 198.6255142639873
76 201.09626975141
80 203.5317394338685
84 205.98385840343914
88 208.13829066010632
92 209.76546690003022
96 211.36115700793107
100 212.83595974672906
108 215.00978752363352
112 215.8643332678936
116 216.63195504721733
120 217.38058372179546
124 217.80868179799086
128 218.1908920835674
132 218.45737890409538
136 218.48547678246103
140 218.28997268012037
148 217.67807716615368
152 217.27923590653438
156 216.63820673718774
160 215.89130059858246
164 214.86410060380086
168 213.4311549427873
172 211.82813729101932
176 210.2134929722286
180 208.43766206238493
184 206.58315610695632
188 204.63805384298516
192 202.60357155265217
196 200.05704809162566
200 197.33674874646601
204 194.45127894013802
208 191.4866235172351
212 188.41997639334653
216 184.94047630739635
220 181.0950633533118
224 177.1411465258634
228 173.71672407324456
