60 190.9484580507575
64 193.85279395234156
68 196.7691232507588
72 199.51369175694828
76 202.2145059909828
80 204.45682761518967
84 206.60058753990302
88 208.50857290442917
92 210.33575893747187
96 211.93521589654227
100 213.2769957257561
104 214.54775011136985
108 215.48442477769504
112 216.3259698515255
116 217.15748983548474
124 218.41688245801407
128 218.7466799276175
132 218.8142769742646
136 218.97789497200074
140 218.81600543738628
144 218.54114298488852
148 218.3308297340013
156 217.25767205353435
160 216.45779019104188
164 215.5480011526426
168 214.39036453420988
172 212.84235555214406
176 211.2066032380511
180 209.34749203650097
184 207.4102351864047
188 205.345521609853
192 203.21053483339045
196 200.52239456357728
200 197.79320931762396
204 195.3254015513108
208 192.35826663753596
212 189.06304559631718
216 185.8364500768976
220 182.21110649616602
224 178.15891701274055
228 174.25694808308953
232 171.09473220924772
