72 199.91887689039206
76 201.7748873601356
80 204.08143328114593
84 206.11949120701638
88 207.8824378989753
92 209.4282003828527
96 211.07930778641412
100 212.4663803510603
104 213.697545472509
108 214.65882256190494
112 215.2015993957892
116 215.8042932788719
120 216.3687674364749
124 216.76928390275
128 217.17256218289526
132 217.40931571933152
136 217.45391471726558
140 217.12684600581792
144 216.67798833663628
148 216.2817187718635
152 215.85002608795537
156 214.91970734512196
160 213.83650491795703
164 212.78502473848204
168 211.54530182158868
172 210.25524009643075
176 208.51778533080207
180 206.52802400880856
184 204.41100017708152
188 202.26584744891932
192 199.80945772246966
196 197.21944910643973
200 194.46793672755794
204 191.39498552031696
208 188.01614503145535
212 184.98823744622536
216 181.49234240838123
220 177.66355759843313
224 174.26628603368476
228 170.79008831713386
