92 209.6870540612021
96 210.62322009265802
100 211.75736333429836
104 212.97022292150066
108 213.90470677433882
112 214.6540772159305
116 215.2698605384847
120 215.77014226784826
124 215.94830212650874
128 216.1328162421659
132 216.17662084036917
136 216.11286052266135
140 215.78823799427235
144 215.335656743252
148 214.82915974592066
152 214.1497155031976
156 213.3204497960598
160 212.32677332772698
164 211.09272017855088
168 209.8189687731548
172 208.3975334300589
176 206.71873063528116
180 204.73515666847712
184 202.71165183575334
188 200.51383818399097
192 198.10762086183044
196 195.4209750046392
200 192.4697238750721
204 189.3511630329022
208 185.9548034016708
212 182.5099002170246
216 179.0113416118491
220 175.14534357724403
224 171.3468487574571
228 168.22531834756882
