64 191.8103931623875
68 195.15840640657785
72 198.06919750916902
76 200.56630628629352
80 202.93865537244125
84 205.1330906341121
88 207.2385132651634
92 208.88194336901222
96 210.54729196670843
100 212.10553840447432
104 213.3775021053934
108 214.42841702656915
112 215.32567562307995
116 216.05050850503125
120 216.70102061317482
124 217.1651529673501
128 217.69226826762934
144 217.74476516435942
148 217.38639496037115
152 216.78891383770002
156 216.2149112485008
160 215.26658847776932
164 214.05945300005837
168 212.73885179192627
172 211.53138140374486
176 210.0588249801036
180 208.44634672453878
184 206.61508206539622
188 204.5292108201645
192 202.14230784502473
196 199.63313491833674
200 196.97814628580704
204 194.34769182049854
208 191.21675816184563
212 187.768207914276
216 184.32842730294493
220 180.55903293741386
224 176.80136921924816
228 172.9381458198136
