68 195.5694571607794
72 198.30993145960375
76 200.7330058488276
80 202.9679205067778
84 205.1632513867968
88 207.1302692949846
92 208.83861390495548
96 210.3267674827723
100 211.6334968647949
104 212.8879381981209
112 214.57812140992195
116 214.99985776352142
120 215.46154545069498
124 215.98009087299084
128 216.1621247441769
132 216.35891497450615
136 216.42542126211717
140 216.11286294076712
144 215.6152278759244
148 215.09601725091386
152 214.394212289767
156 213.5880135154813
160 212.5500673927653
164 211.47253632638032
168 210.2138720203695
172 208.78665583085225
176 207.02012895367272
180 204.95692076156593
184 202.7561498338236
188 200.31852439279538
192 197.7343679142333
196 195.1130348103733
200 192.21854198676044
204 188.9862787444514
208 185.7076433799062
212 182.18121464087898
216 178.36827102788257
220 174.62431773847436
224 170.98576095912316
