64 193.78479112646
68 196.08572871097599
72 198.9634153031061
76 201.3883080743804
80 203.5884684363207
84 205.8496259590465
88 207.99139229635986
92 209.67205356234675
96 211.32745130543856
100 212.67267480182724
104 213.92208419907845
108 214.9464560119569
112 215.5582941594517
116 216.18569543133327
120 216.84322523270055
124 217.31518118733413
128 217.80288607765831
144 217.62652186606255
148 216.98869339876705
152 216.29245817229304
156 215.56423971651608
160 214.68964437808944
164 213.68815322617704
168 212.33247295827954
172 210.96907147094223
176 209.4846046096538
180 207.77426759336882
184 205.59522616596266
188 203.4796004169191
192 201.26935259941007
196 198.7943522551755
200 196.0287153188994
204 193.0301869714396
208 189.93934843962828
212 186.68843760547065
216 183.44194750914812
220 179.8082691514907
224 176.04795250068324
228 171.35663086847603
