64 193.6819178081608
68 195.99404326480942
72 198.32470194437133
76 200.73448735642054
80 203.093234028351
84 205.5101957753144
88 207.5362888224056
92 209.16025883805602
96 210.75319464234514
100 212.11318434620088
104 213.42681017465083
108 214.4216100168161
112 215.37778246801983
116 216.04876629470044
120 216.5887088429933
124 216.94490263275037
128 217.50297797345192
132 217.77451725285198
144 217.60679583513337
148 217.0057921569921
152 216.3686952518026
156 215.8995064522328
160 215.02014820205096
164 213.67070843137935
168 212.28864169090033
172 210.87060052840692
176 209.13915828370838
180 207.45824618855139
184 205.56176760442463
188 203.52145356238435
192 201.175453203464
196 198.60373181792562
200 195.71870528681478
204 192.85418820616104
208 189.85821605486086
212 186.77984686664843
216 183.1391275912535
220 179.39930415457064
224 175.17914232772023
228 171.28873395681626
