64 193.72627175609338
68 196.14222495326823
72 198.51454394118159
76 200.7854069779306
80 203.0415149470964
84 205.21881861678042
88 207.33422832271768
92 209.06615911344176
96 210.7916119296442
100 212.2773309931308
104 213.5226745180507
108 214.4092642486462
112 215.2071948427888
116 215.9166423304827
120 216.65093868962455
124 217.15627437631528
128 217.66628815110624
144 217.59390496392214
148 217.19411426672175
152 216.5121034823805
156 215.7440582917587
160 214.96253623228455
164 213.8372945942881
168 212.65615736866417
172 211.260294462945
176 209.73937157176377
180 208.04824321875537
184 206.188619527246
188 203.89434762495517
192 201.42483907534887
196 198.9889213457039
200 196.3864911668157
204 193.62217947278083
208 190.6926340927381
212 187.47247652164566
216 184.12262320943498
220 180.67252341489558
224 176.16393165664232
228 171.907420633115
