64 191.76019644930273
68 194.81041649483478
72 197.45822055054825
76 199.95799806971016
80 202.44713093753452
84 204.59388141457595
88 206.59383511025695
92 208.3648897218361
96 209.95200111276262
100 211.2753182508954
104 212.5014471288688
108 213.59556532286007
112 214.31526707137178
116 214.95051052286476
120 215.68587869734012
124 216.17327502861895
128 216.4596885346465
132 216.62932432006554
136 216.64923305455042
140 216.63076123255132
144 216.51730724489457
148 216.2002801053169
152 215.74464738856116
156 215.15168160806593
160 214.3381793242512
164 213.2938671979422
168 212.14848306468326
172 210.92432017867344
176 209.39805208898701
180 207.73369425203853
184 205.76963888537927
188 203.45509644206834
192 201.1827206193958
196 198.7136339807734
200 195.97912768874716
204 193.10050929480178
208 190.02294200622788
212 186.7562216725073
216 183.49069211881658
220 179.938658386278
224 176.2349182787501
228 172.35584655397642
