68 196.06104002772844
72 198.65979127370048
76 201.28018647960664
80 203.79237563888648
84 206.0571198047078
88 208.06741438642058
92 209.733636627017
96 211.40771023301116
100 212.8075852108948
108 214.99065343621652
112 215.73370183319037
116 216.37782329434992
120 217.0029058260236
124 217.49197827756223
128 217.829745099047
140 217.78243372658628
144 217.42710111751006
148 216.78064814053948
152 216.10406718589564
156 215.3816759388402
160 214.5022857494016
164 213.47723829638127
168 212.21344803869613
172 210.94597953712284
176 209.5076547080084
180 207.74915683515258
184 205.63979425536039
188 203.35938528563815
192 200.92897769553304
196 198.30896804624393
200 195.62422656867602
204 192.87326974755047
208 189.88166435670746
212 186.53126178395905
216 182.90758690513962
220 179.0461143660118
224 175.24560152828903
228 170.96078457051848
