64 187.67051142830832
68 190.98677511642194
72 193.6503674344121
76 196.19406188927303
80 198.56370958596366
84 200.86104650521506
88 202.81235839551647
92 204.5409220464345
96 206.15921208014692
100 207.54745040165932
104 208.7397534184761
108 209.70964670369432
112 210.8640930243902
116 211.81529693722683
120 212.50791031850653
124 213.04463362181536
128 213.3724748344584
132 213.7143787906112
136 213.79153361089715
140 213.64767747428206
144 213.35155135718557
148 212.91204762678925
152 212.5145909718658
156 211.99362410831188
160 211.19155833545653
164 210.092572723327
168 208.73974940187753
172 207.32964611737697
176 205.853042661619
180 204.30773251928983
184 202.62857600693235
188 200.41131895451417
192 198.00981975048134
196 195.57846453459737
200 192.86823150298767
204 190.02017741929967
208 187.09533987971957
212 183.78527329255223
216 180.40089459845882
220 176.69870380077725
224 173.02233558446403
228 169.28659563259225
