60 189.44485920102898
64 191.62534324210114
68 194.2891394694002
72 197.16678552732893
76 199.74894095534825
80 202.17544710501343
84 204.3579643124087
88 206.2420029745998
92 207.97216596477534
96 209.57486516674766
100 211.16347171034923
104 212.4970873975013
108 213.5639802873553
112 214.48619668339188
116 215.2038911173039
120 215.78557465559928
124 216.14016395060725
128 216.41223784099196
132 216.62814754047287
136 216.64470804102612
140 216.51823857246853
144 216.33817732654796
148 215.89414696496632
152 215.56692381212292
156 215.11725282510923
160 214.25238071190023
164 213.05151984876565
168 211.7280106994195
172 210.3866542160237
176 208.90795640862237
180 207.2177489634772
184 205.29971494054564
188 203.20026985448763
192 200.90937500897147
196 198.34774976387763
200 195.60123800333582
204 192.74848684906698
208 189.63874197342338
212 186.48881970458083
216 183.0288330041613
220 179.3850937518273
224 175.34662195625992
228 171.39328971122526
