60 187.11105420756314
64 189.55637790489658
68 192.5228617735765
72 195.20224177879265
76 197.64011805291875
80 200.12111927044307
84 202.252986303062
88 204.08910542425042
92 205.66240140698585
96 207.26495622477893
100 208.8912558910532
104 210.16910022541316
108 211.26313201046287
112 212.07924388663935
116 213.00545340834094
120 213.58022972263277
128 214.217597092416
132 214.45449171697067
136 214.56919970564104
140 214.45300076270124
144 214.31525661272389
152 213.5257768916958
156 212.85646210947206
160 212.05971915878104
164 211.0038361594608
168 209.63373117153594
172 208.26412060685954
176 206.82454848087235
180 205.02290589407306
184 203.1555602392797
188 201.05159887546566
192 198.8755669871125
196 196.41753432631396
200 193.78844470662764
204 190.92305935601297
208 187.56001705809254
212 184.29286515164893
216 180.7308700603113
220 177.4289245793014
224 173.99798292068883
228 170.26599524189874
