64 191.52687933520173
68 194.28423884920159
72 197.08344159031807
76 199.59644297621958
80 202.02184574646515
84 204.3657458862796
88 206.31931273250672
92 208.02273057893572
96 209.65602953905494
100 211.2270461023627
104 212.47008526453556
108 213.66867884367952
112 214.61093048606398
116 215.17052196213425
120 215.5218371197276
124 215.9667208977036
128 216.25794484596696
132 216.51364408210597
136 216.58544860291067
140 216.54299673003618
144 216.37965554577428
148 215.97321133399421
152 215.44222868403384
156 214.8023855285364
164 212.92990500718804
168 211.75971146509713
172 210.48685837402135
176 208.97419845576135
180 207.29366861818772
184 205.3594898963702
188 203.36643077912686
192 201.12644282912032
196 198.49364554041478
200 195.56436260222318
204 192.7898512240517
208 189.70105667704206
212 186.53378184606203
216 182.91215710214337
220 179.34498579558345
224 175.32908251057228
228 171.44926838575213
