64 191.6400397706556
68 194.61761793154668
72 197.14461060850397
76 199.58927770406777
80 202.12224918508343
84 204.49694584903193
88 206.4550615254914
92 208.24800122966883
100 211.3709083454945
104 212.4221147286073
108 213.40479130985594
112 214.27809039666462
116 215.08239048078258
120 215.6345402597393
124 216.0777115442463
128 216.34165373728825
132 216.5719581022109
136 216.63881232633332
140 216.65937649216542
144 216.60221082206266
148 216.23985653784854
152 215.70659166568743
156 215.2152692197732
160 214.39220552902347
164 213.33878555955351
168 212.1519640817313
172 210.87435724580217
176 209.31649840768992
180 207.62988137063326
184 205.745161891876
188 203.6146709133394
192 201.32397459687377
196 198.79248323868913
200 195.98865429678858
204 193.1582548321574
208 189.9425335526824
212 186.62823666131558
216 183.2341687923309
220 179.6707025634622
224 176.08314243561418
228 171.70374222028533
