64 191.2326696863058
68 194.51528668362982
72 197.51714280822486
76 200.01916441411842
80 202.484768245989
84 204.61637385221843
88 206.5270423544323
92 208.23703219797153
100 211.46568301036297
104 212.69477800168303
108 213.835635681549
112 214.73053533786845
116 215.3685639740593
120 215.9358738790009
124 216.40999592292405
128 216.5085078943694
132 216.7835334482254
136 216.81204034014954
140 216.72460955986827
144 216.6309939126141
148 216.3621283919344
152 215.95114508110942
156 215.34513815545617
160 214.5839429169597
164 213.68960299772579
168 212.60836466472603
172 211.30901114487557
176 209.72526365394486
180 207.85455595116474
184 205.8556781558479
188 203.7073892562815
192 201.31098347697034
196 198.78179784269946
200 196.05680400285422
204 193.26378673845684
208 190.19221864378477
212 187.10451512868246
216 183.8888224804394
220 180.43831238642662
224 176.70920439553282
228 172.49592256474506
232 169.4180878107523
