60 188.56580001674928
64 191.08064455042103
68 193.86228185859852
72 196.64715387462053
76 198.92745803102468
80 201.2493592254043
84 203.45190736234298
88 205.35650824840258
92 207.2155788295491
96 209.02789657362518
100 210.3710442165249
104 211.47220199078524
108 212.5565660835763
112 213.51854322813148
116 214.23269127206095
120 214.87670046774167
124 215.37362586055963
128 215.88237804193923
132 216.06341884831727
136 216.16590199148723
140 216.1239657555399
144 215.78910042507417
148 215.40676676628124
152 214.8147410332472
156 214.2390058940415
160 213.56299850008244
164 212.71850971367715
168 211.59760389786737
172 210.21815735161513
176 208.64615268506293
180 206.87709024842886
184 204.93837865745058
188 202.88246354759787
192 200.49670894304285
196 198.02889911716977
200 195.53127494526163
204 192.86680637129268
208 189.8787290829423
212 186.56115757744672
216 183.0041694269292
220 179.52297938830856
224 175.54700273455268
228 171.15053947067685
