60 188.67786331904279
64 191.59105343389825
68 194.3778784554642
72 197.15276230156036
76 199.59851628469784
80 201.82682013121033
84 203.85410360084785
88 205.71864341789103
92 207.42333292588333
96 209.18256929419059
100 210.60381424401663
104 211.7635805017092
108 212.87964409896085
116 214.85901367935423
120 215.39178039298594
124 215.6890144861224
128 215.9618120388521
132 216.2027505941506
136 216.28467446571614
140 216.26043304319427
144 215.99441018624927
148 215.43915880497104
152 214.96181965920755
156 214.54581573733816
160 213.85277208793596
164 212.79809572330117
168 211.55565463089127
172 210.18899027802428
176 208.78111805953182
180 207.13726613304632
184 205.3228608893242
188 203.31555665311936
192 201.02675922279022
196 198.4469157059038
200 195.44564207785606
204 192.60320346105829
208 189.39280296781538
212 186.1498798312026
216 182.6342556157947
220 178.77649521831017
224 174.6643620081812
228 171.1067275332852
