64 191.25541830973452
68 194.08242586721897
72 196.77979216239663
76 199.08313665154841
80 201.34101573063256
84 203.68336639955396
88 205.80034085715647
92 207.80575156629777
96 209.45592275262095
100 211.0118189480616
104 212.2470054731648
108 213.42204722472624
112 214.36307647256558
116 215.08972929254023
120 215.6002433704041
124 215.96836106556285
128 216.23598471996505
132 216.5300485232574
136 216.65440979419392
140 216.60570382871072
144 216.46686774937345
148 216.15286420344285
152 215.6454685485782
156 215.04827209538593
160 214.1666748985721
164 213.19115166530824
168 212.15156682726672
172 210.88156971961052
176 209.28158544698812
180 207.58513516529334
184 205.68698401381798
188 203.64810905203268
192 201.3310558645923
196 198.76412524238398
200 196.10370649107182
204 193.28407828937117
208 190.3659085515609
212 187.3358481693501
216 183.92819518903246
220 180.2040720418429
224 175.92538861260073
228 171.96359952390083
