60 187.63032229676344
64 190.4119155264798
68 193.15328683139725
72 195.69881051795906
76 198.32174977537358
80 200.66117751788198
84 202.95308953629834
88 204.7473509143882
92 206.53509216042903
96 208.00272680788504
100 209.42453825435865
104 210.68363194571262
108 211.67415631915947
112 212.56598890046212
116 213.43840311183084
124 214.43091619907975
128 214.57255159037186
132 214.748437265877
136 214.86322289373743
140 214.80798852601427
144 214.64598773420576
148 214.37727426006873
156 213.41990961153604
160 212.61328991000303
164 211.68026842065183
168 210.470111409175
172 208.94783446607238
176 207.39244915083665
180 205.60883959006745
184 203.72108152803673
188 201.7165232178715
192 199.45362807715262
196 196.83309092998837
200 194.1825212156274
204 191.42134375901827
208 188.38387092238503
212 185.08561642845063
216 181.52133132995834
220 177.90762070738285
224 174.3107862558947
228 170.66178795089638
