64 188.7878574030982
68 192.13009905971003
72 194.85273280547796
76 197.33811192262272
80 199.66743865252673
84 201.86471979936195
88 203.99184959593515
92 205.8101397032643
96 207.43123063601283
100 208.88317789110425
104 210.2181622502681
108 211.30637376994238
112 212.18087550361744
116 212.84254804933946
120 213.63796778266948
124 214.13817909694333
128 214.48077007592786
132 214.57650805436933
136 214.57805661815644
140 214.54416802744115
144 214.49625711875973
148 214.28661651479223
156 213.2524393873124
160 212.3724440174061
164 211.3645457803308
168 210.20090950222738
172 208.78083026673266
176 207.21999415233088
180 205.70267763773364
184 203.903165061724
188 201.8600336557364
192 199.61619746339193
196 197.1778905390047
200 194.4901986428599
204 191.67750234032025
208 188.49373440897705
212 185.2168042363342
216 181.84969488537467
220 178.21662986807263
224 174.30999360207028
228 170.55868380339365
232 168.31176023707945
