64 188.9954367954337
68 192.20494613625354
72 195.0710604220878
76 197.6095086251987
80 199.9800484577956
84 202.32575367483878
88 204.30542097949154
92 205.95386601711343
96 207.4983751648825
100 208.8971211367766
104 210.3058396020408
108 211.46931645310292
112 212.37702528152343
116 213.2492153492137
120 213.86194916447516
124 214.23581816520917
128 214.44487045076806
132 214.62492362944727
136 214.72791604007688
140 214.71649647412832
144 214.64205493397617
148 214.36704221258117
156 213.37537143555662
160 212.64582029341838
164 211.78849299187715
168 210.6221096656803
172 209.0651193621997
176 207.4689190804599
180 205.74539424102642
184 203.87609404668058
188 201.71004987974868
192 199.39291778095645
196 197.04022356510148
200 194.45264044702523
204 191.64122528938128
208 188.44967898044172
212 185.42223734866877
216 182.20450579591875
220 178.44505198047398
224 174.61269676755637
228 170.67648720066666
232 167.9884711275226
