60 187.78585260924885
64 189.41817766036192
68 192.7381046620536
72 195.4081383894855
76 197.86214033665377
80 200.09167340925947
84 202.3086519959027
88 204.29089469062305
96 207.5926282508052
100 208.90480993872868
104 210.24718392014722
108 211.34547206144515
112 212.2166890784008
116 213.0179732881261
120 213.68827916209824
124 214.12181324480954
128 214.497147158619
132 214.6972987775165
136 214.70601413571194
140 214.59576283134987
144 214.43199695945123
152 213.60314496818253
156 213.076434367962
160 212.36443943980325
164 211.4869489821192
168 210.36474891015786
172 208.86607243463982
176 207.34561812863487
180 205.46183023016297
184 203.5093094191203
188 201.42225316777973
192 199.1938296895368
196 196.7138155918823
200 194.0137651806859
204 191.03993506662377
208 187.97131977426568
212 184.98802110663001
216 181.7075851954064
220 177.889358738544
224 174.1935175582213
228 170.6596967704778
232 168.28174070808433
