60 188.82107477585436
64 191.32007035273878
68 193.94578273510945
72 196.31034889987694
76 198.63962251946913
80 201.05602942764966
84 203.42878730680823
88 205.48037941033084
92 207.24291469160838
96 208.87768646739863
100 210.43306742718426
104 211.69711405454728
108 212.6630746699792
112 213.55932198812084
116 214.231032128285
120 214.92216253071246
124 215.35293909744433
128 215.72994479685343
132 215.86161169235868
136 215.97779265656433
140 215.91579127814583
144 215.65403769725367
148 215.31364018808503
152 214.79394523229257
156 214.1805685099082
160 213.48534947705446
164 212.696384628739
168 211.6816299715147
172 210.39254491521
176 208.79813834225112
180 207.07191470372445
184 205.19101200038563
188 203.2717075191794
192 200.8124907140288
196 198.23824017597906
200 195.63487436039105
204 192.90848103816393
208 189.7296557560603
212 186.5574135046784
216 183.25311279397278
220 179.69679802523723
224 176.04612680857036
228 172.03425111017248
