64 188.93973418886344
68 191.96862077039737
72 194.81530010519634
76 197.42320577146796
80 199.8434813421811
84 202.1149395632395
88 204.02667960263688
92 205.6818251585454
96 207.2584782658272
100 208.66557066531658
104 210.14663487883234
108 211.29543202891847
112 212.109984650257
116 212.84260068685424
120 213.4020205521776
124 213.79527139857353
128 214.2498776158174
132 214.53706227182096
136 214.59001391901927
140 214.52968807840583
144 214.35539844881328
152 213.65354590130804
156 213.07394293845624
160 212.45450745196047
164 211.62163843595468
168 210.4774057679062
172 208.9582647416934
176 207.30648204062547
180 205.48258782972653
184 203.5191873792675
188 201.51744680129346
192 199.34113077593258
196 196.85780029040401
200 194.01070381600167
204 191.19483708410945
208 188.21301308608963
212 184.99826574364795
216 181.65052261614386
220 178.08904536231722
224 174.1772500646884
228 170.6185104745261
232 168.30929717089424
