64 189.31385263775599
68 192.6292213510184
72 195.3768011852458
76 197.88584422889184
80 200.2163152637363
84 202.37686269208663
88 204.42114794230096
92 206.12462864680504
96 207.7634263026918
100 209.17899278548967
104 210.520810442466
108 211.6287380774213
112 212.5820448942331
116 213.43990009570774
120 214.1421800990911
124 214.69004355192908
128 214.93917792101718
132 215.09613051682885
136 215.175767358425
140 214.99616889255273
144 214.82041134811357
148 214.43629609972558
156 213.38713231982
160 212.60172737672798
164 211.67961578945085
168 210.60376341163322
172 209.3453463140865
176 207.75953050726875
180 205.91981977067968
184 204.06510501554624
188 202.06223543843765
192 199.76422168229902
196 197.1253152142949
200 194.49217325698217
204 191.7968139516649
208 188.98209665955756
212 186.1210465644054
216 182.8078314430732
220 179.13183205100685
224 174.87148018771808
228 171.0763987682643
