64 188.67822397703168
68 191.88062654965017
72 194.7945929081273
76 197.36867109832016
80 199.8546899932515
84 202.15814311855547
88 204.0390414214079
92 205.51833953027287
96 207.0605509041068
100 208.6425788878305
104 210.104157734684
108 211.1021549898159
112 211.85729899768162
116 212.58260428595585
120 213.38656935876287
124 213.88434253920866
128 214.29680127850105
132 214.55883019888958
136 214.58431912033046
140 214.4933686682918
144 214.4279723959559
148 214.22709070780377
152 213.82408130964475
156 213.14489278015253
160 212.3500594135495
164 211.35590536863378
168 210.1636514253426
172 208.76416985094983
176 207.221751817329
180 205.45829088225145
184 203.67325827938348
188 201.52735783244222
192 199.21762448452859
196 196.68782540955448
200 194.00999077410177
204 191.2808721092572
208 188.18030243343884
212 185.00706117220108
216 181.5732920991371
220 177.88428557061792
224 174.1525544483963
228 170.6440446780897
232 168.2330822240554
