64 190.30101960842086
68 192.96451435749884
72 195.75102708929396
76 198.34169843133964
80 200.62482490890756
84 202.73277031771417
88 204.7256988624593
92 206.56196743217555
96 208.2793074996107
100 209.82908984876426
104 211.1376104355812
108 212.0322784234658
112 213.0136718414903
116 213.85832924343782
120 214.50317936287374
124 214.97610528136045
128 215.43954892862178
132 215.68772415220968
136 215.7815623839672
140 215.66562221212004
144 215.4507581879144
148 215.10052120902648
152 214.6181016172879
160 213.24348354137152
164 212.26025283610852
168 211.13525889166618
172 209.75727098172956
176 208.32907043034783
180 206.85336207963604
184 205.1432751890081
188 203.26091484351826
192 200.81396386038634
196 198.10427968151689
200 195.47845593273888
204 192.783934424856
208 189.6661503932819
212 186.54976869298002
216 183.1084977427178
220 179.1556683827929
224 175.4297167893534
228 171.89299240218008
