60 186.74498813848936
64 189.55450636361837
68 192.61923461213001
72 195.495052763322
76 198.12571735801322
80 200.49454475321676
84 202.53685858016917
88 204.43216066255115
92 206.13480219700793
96 207.614692063111
100 209.0094938701072
104 210.33931718915568
108 211.37468747987066
112 212.30620575751527
116 213.0834220243507
120 213.7895823526733
124 214.38123543309385
128 214.37167138275424
132 214.53591818869867
136 214.61845000534984
140 214.62379853685263
144 214.61539465344651
148 214.2706964696206
152 213.71395403650996
156 213.1082590197032
160 212.30535681498566
164 211.26521036356985
168 209.91275668446315
172 208.65040816036017
176 207.11164269626906
180 205.1864610181456
184 203.32593229086027
188 201.3007778269274
192 199.16528566800005
196 196.74653848944456
200 194.05495648720455
204 191.0312979852249
208 187.87839608113242
212 184.4542078078379
216 180.95521258263054
220 177.29288299740244
224 174.0266309299323
228 170.5719711321079
