60 188.05777104514283
64 190.13377709767695
68 192.91619466599712
72 195.61709441829953
76 198.16146433732635
80 200.37065374057943
84 202.62908742092299
88 204.53975981819792
92 206.20783025329723
96 207.64623994170597
100 209.0839806786539
104 210.50128055523706
108 211.59928755112773
112 212.44787572528534
116 213.2084630485365
120 213.7964271591133
124 214.20383390768703
128 214.4866661391059
132 214.57951623122003
136 214.53357776077434
140 214.54763594228513
144 214.41877974560865
148 214.14348109213657
152 213.76812361576629
156 213.24038696603333
160 212.46293902533483
164 211.46050994135106
168 210.16510123639588
172 208.81802878244187
176 207.3823513084145
180 205.78978627943556
184 203.93966625017646
188 201.77038047630828
192 199.4138723200939
196 196.715021609271
200 193.97473464814715
204 191.21015442498293
208 188.02979544159425
212 184.9041574048961
216 181.76774332509055
220 178.1354459464609
224 174.1793186956566
228 170.59761850883183
232 168.12175382976758
