60 188.61273625056248
64 191.68164516431818
68 194.5844338751416
72 197.33924278307853
76 199.8657426878986
80 202.33087556382637
84 204.5285645730403
88 206.4536130850068
92 208.2172177293541
96 209.7893886858342
100 211.1865789823572
104 212.49555567524237
108 213.59166645595252
112 214.46185223465253
116 215.043927535421
120 215.6685656040356
124 215.99082946082152
128 216.28980993809924
132 216.4753634389216
136 216.63015850189882
140 216.553523989204
144 216.39930347120847
148 216.05474956051424
152 215.59847372803097
156 214.91973110511427
164 213.11327115567252
168 211.98194791042798
172 210.83051220004674
176 209.4095283217832
180 207.6255956524506
184 205.38510158266985
188 203.0681116299854
192 201.07664478701884
196 198.65280506348802
200 195.9222195733866
204 193.0498581656886
208 190.01174640686253
212 186.77819450215964
216 183.3774276481057
220 179.62525655482455
224 175.65467627630935
228 171.74197934161464
