60 189.28301368722128
64 191.85905626188017
68 194.72297379346531
72 197.27737894469522
76 199.66398828425304
80 201.94851815231658
84 204.1555163382125
88 206.22972422733662
92 208.04297485109697
96 209.675386565472
100 211.24139793821433
104 212.60323933748
108 213.5519253042017
112 214.32804174301012
116 215.00659376770426
120 215.43642311792033
124 215.9324606318253
128 216.3197058097818
132 216.5230433176152
136 216.59661156793106
140 216.47501312249082
144 216.36648865344657
148 216.05036791772582
152 215.582086375327
156 215.02535160391758
160 214.17161758401704
164 213.19315516972426
168 212.0512430110066
172 210.74375038390872
176 209.10155646504904
180 207.39733293827922
184 205.46984569932982
188 203.42820186112618
192 201.03863506172166
196 198.55479531121142
200 195.8928124109572
204 193.32591705314272
208 190.422535173994
212 186.98976488499065
216 183.5551816535102
220 180.02912761259557
224 176.26002754035426
228 172.71179357709318
