60 189.6203963925107
64 191.5110495639674
68 194.04507587057182
72 196.5721674224223
76 198.98594933946242
80 201.10082518091477
84 203.13703076015474
88 205.2105634540545
92 207.14040420855537
96 208.84922220259187
100 210.3374939891468
104 211.52346803067667
108 212.44851655802393
112 213.36226686474072
116 214.14435595936123
120 214.92211142252398
124 215.3666506281911
128 215.76712152765884
132 215.8556691990567
136 215.90498597776389
140 215.9230310069057
144 215.68514118696447
148 215.3991832325451
152 214.92949318100418
156 214.3293454134685
160 213.5640524797738
164 212.68485234710084
168 211.57233114209836
172 210.23614368076807
176 208.7993341948254
180 206.99887772259703
184 205.01029614086684
188 203.16338686542161
192 201.05206106928523
196 198.66814183013096
200 195.85887339336995
204 192.9818426901151
208 189.99723380355107
212 186.55368180327645
216 182.7432615834009
220 178.89818701747063
224 175.28807119682722
228 171.74357776249684
