60 188.35827961588967
64 191.42023319843378
68 194.20517446272353
72 196.8034175465266
76 199.37650316053475
80 201.77267134940578
84 204.0110000234107
88 205.9401353992399
92 207.71893924054535
96 209.39018245129753
100 210.94470149256335
104 212.20684446652797
108 213.3101722215887
116 214.76015123588905
120 215.30105111880064
124 215.87291548460178
128 216.17519717841319
132 216.41374478725962
136 216.53100069187377
140 216.51482351230123
144 216.40881319973067
148 216.00553390442022
152 215.5570211908161
156 214.84921590201864
164 212.95578957077316
168 211.86165391494535
172 210.63427072018285
176 209.21252838707554
180 207.60498938532072
184 205.65634984304535
188 203.53322695112263
192 201.20142520731292
196 198.66721475301063
200 196.00442595504487
204 193.10470388105986
208 190.1234964945691
212 186.9990513975809
216 183.74188570428996
220 180.0086302386465
224 176.59796692405436
228 173.55086236273485
