60 189.17635232588734
64 191.86870929099678
68 194.58465658953878
72 197.11924781495253
76 199.58858827067047
80 202.06321497440686
84 204.27658029285743
88 206.14142714764142
92 207.78979753814411
96 209.4776952634812
100 211.03332751375072
104 212.23822361408503
108 213.34806129367598
116 214.72430708610017
120 215.28615606921824
124 215.9054821029673
128 216.20337547282992
132 216.4366916742415
136 216.57495642923027
140 216.47660240629824
144 216.30676327683625
148 216.0028682077976
152 215.47836762235696
156 214.9293390043806
164 213.20734810799803
168 212.18804514116815
172 210.89310541495473
176 209.1832428548112
180 207.37769773711187
184 205.42430047635287
188 203.39066032171206
192 201.0501969155469
196 198.55584221833863
200 195.8068226073621
204 193.1208642436668
208 190.06897201035554
212 186.48894202541527
216 182.72610870782586
220 179.2388797907725
224 175.646791572704
228 172.1509682049271
