60 188.47185698086838
64 191.97083356695322
68 195.06543879292178
72 197.64347215864214
76 200.1683763230455
80 202.3213758199757
84 204.4907515317266
88 206.3639241700344
92 208.17612134306802
96 209.8783187491523
100 211.29666885778596
104 212.4414979683262
108 213.37538493984303
112 214.23506086536574
116 214.91401487033687
120 215.56105575567574
124 216.09757347153388
128 216.41724192596803
132 216.57623534310525
136 216.70858626090012
140 216.65912254877205
144 216.51846830223803
148 216.2669212027273
152 215.7408085213682
156 215.1198699866294
160 214.21868761087939
164 213.1776738338703
168 212.17717377277273
172 210.96931145513918
176 209.39766309513553
180 207.698939698953
184 205.6869438535706
188 203.5532431665061
192 201.32137905651342
196 198.88499993438205
200 196.30167267713668
204 193.43890179003952
208 190.329427167703
212 187.21785051812756
216 183.83824663311532
220 180.20650193265413
224 176.36794480840683
228 172.66092483933517
