60 188.2699600928455
64 191.380495660681
68 194.15502200366484
72 196.6545867398418
76 198.85555288169218
80 201.26445788550592
84 203.6308228023875
88 205.57082042980824
92 207.49773083426277
96 209.00414992559533
100 210.52164328906787
104 211.85941729057092
108 213.1815514635441
116 214.83002182618503
120 215.29171521384757
124 215.80605110570616
128 216.16223844998368
132 216.43536385154178
136 216.55941453840637
140 216.47661400861145
144 216.32035478307822
148 215.93159056255638
152 215.4938960544356
156 214.98965512348212
160 214.15280355120765
164 213.13916917891868
168 211.9754629078746
172 210.57059979520028
176 209.02151625476267
180 207.34387367749991
184 205.52679738360888
188 203.6712110431615
192 201.4724539307818
196 198.77729745752333
200 195.8263755218016
204 193.1857341220654
208 190.27051827270435
212 186.94914796128063
216 183.41562801507584
220 180.06538018515562
224 176.46627144269883
228 172.7813558939626
