60 188.85387659660273
64 191.03518510839515
68 193.85782609642314
72 196.44028233954353
76 198.81510888436367
80 201.06114345486168
84 203.22184309990476
88 205.26211048114982
92 207.12150981555433
96 208.84846646880237
100 210.34129268444875
104 211.66811519966066
108 212.73662568890973
112 213.54741998074314
116 214.16843535755052
120 214.88577820636914
124 215.3612305500398
128 215.6906547270616
132 215.83972041075776
136 215.97937607714843
140 215.92776307370087
144 215.81815747654997
148 215.61314575816084
152 215.26780361250619
156 214.53743457146683
160 213.6292695671844
164 212.5708620680133
168 211.37495576462163
172 210.09776283492513
176 208.76484863910952
180 207.11109080158457
184 205.03085915827285
188 202.81171350038585
192 200.5081945625409
196 198.14768145599214
200 195.487558129909
204 192.65413154292037
208 189.6262698736046
212 186.48218959579975
216 182.8326713827873
220 179.10916286332738
224 175.43839770801628
228 171.64851730206
