60 189.18073448178254
64 191.81650257945935
68 194.66484483862362
72 197.32160480403164
76 199.7379987292457
80 202.22058622754432
84 204.49922872037473
88 206.51118409111655
92 208.00311969221482
96 209.69876516169325
100 211.25836299079495
104 212.57183951757685
108 213.53160832757357
112 214.29683384289996
116 214.98360044745417
120 215.6260733869568
124 216.02147269567604
128 216.26486194313452
132 216.42535195205113
136 216.5497187704031
140 216.53930491559336
144 216.3601260852006
148 216.06088800463607
152 215.6480582961603
156 215.06326438329035
160 214.15307886618422
164 213.2309674109971
168 212.19679592475862
172 210.91761070316718
176 209.41813969099417
180 207.75084386418996
184 205.7290893305955
188 203.5299197065337
192 201.22118620236765
196 198.75535748375918
200 196.1360408583014
204 193.30570537083952
208 190.3316388365515
212 187.0652982414029
216 183.47517394434885
220 179.62907735356222
224 175.69116012940742
228 172.07089065925427
