60 188.57151883537904
64 191.63930285075787
68 194.72286329262536
72 197.2662861978909
76 199.73431265719628
80 202.26112050100505
84 204.4596654852569
88 206.41203305485953
92 208.09313529191988
96 209.70730808336012
100 211.11649707862247
104 212.2714611271958
108 213.42253339088967
112 214.30655588579438
116 215.03346820566594
120 215.61655943049075
124 215.99876021193083
128 216.2039648805004
132 216.42428826149006
136 216.60586185015626
140 216.4643403023843
144 216.37348922662486
148 216.22005507840947
152 215.7288144495016
156 215.23381348602032
160 214.42007970971582
164 213.28122747330806
168 212.1417114371896
172 210.88906671580278
176 209.4792935920384
180 207.68056697076776
184 205.4192857283106
188 203.23046581106033
192 200.99818881279538
196 198.43334855929413
200 195.63658191122533
204 192.89561790069106
208 189.88009852239014
212 186.5042844685869
216 183.04881124887368
220 179.53327501979703
224 175.71464408995797
228 171.71314911340096
