56 188.84344471934438
60 190.15619193799716
64 192.41624152835945
68 194.83154260926392
72 197.43506274592048
76 199.85881311243534
80 202.2778432054688
84 204.37672771510225
88 206.35884475968658
92 208.1802460617326
96 209.92032719519005
100 211.32222952042878
104 212.46831457744992
108 213.56433688484907
112 214.3852664064002
116 215.1370778338389
120 215.77102771354143
124 216.34130852832274
128 216.5602201390393
132 216.6214927894048
136 216.62652772212599
140 216.54429731198917
144 216.44534115954605
148 216.17038397407595
152 215.84123554413617
156 215.06992226864185
160 214.26912389363963
164 213.28716475949224
168 212.1003936684155
172 210.80394745322204
176 209.32585902597043
180 207.63646442840673
184 205.5286642756056
188 203.3780693240982
192 201.0742313525907
196 198.6087731231092
200 195.87606107454474
204 192.96892052729746
208 190.07976241454026
212 187.01378925988783
216 183.63794606632896
220 179.97723035554642
224 175.75270386018082
228 172.0331168627177
