56 187.93846535679342
60 190.2666604890159
64 193.2468502113128
68 196.29828874022382
72 198.78417791219482
76 201.05961221706335
80 203.19805053244085
84 205.22991691915297
88 207.0734778365003
92 208.89153567054404
96 210.715568127159
100 212.37979534506678
104 213.73802191033013
108 214.60367381357887
112 215.23315503719587
116 215.88380357897674
120 216.6660114823069
124 217.21932143582592
128 217.68938166667058
144 217.61930859891814
148 217.29914670712267
152 216.71713260916277
156 216.00648336526064
160 215.1274020334454
164 214.15308076130708
168 213.07118980820655
172 212.02343353512745
176 210.4582961290206
180 208.56367389727092
184 206.24593976479497
188 203.97974495440687
192 201.81109780300898
196 199.45089869397668
200 196.76366539130436
204 193.96435643060744
208 191.23656007366895
212 187.7926095936718
216 184.13162505030357
220 180.1843406246012
224 176.62924167478837
228 172.8324247386642
