60 190.16984898437664
64 192.61837847380164
68 195.28946660138737
72 198.0211251469059
76 200.43891525055176
80 202.56725457893896
84 204.6913359416257
88 206.57760080309401
92 208.28593675030658
96 209.87076611886746
100 211.4086897240638
104 212.66952476514666
108 213.67682615653428
112 214.52086403489278
116 215.13732185842653
120 215.80883103444202
124 216.23024068553258
128 216.50250857477434
132 216.63855627035935
136 216.77762067553778
140 216.66018490975907
144 216.48326798129665
148 216.1332358922453
152 215.60346268698356
156 215.06257647492478
160 214.24552923505615
164 213.2742578162809
168 212.28615778956822
172 211.07353672551486
176 209.3985503552048
180 207.52021204749616
184 205.60750573060653
188 203.51581871280354
192 201.273639159684
196 198.81406399111393
200 196.13263903388764
204 193.22554960236562
208 190.03100193103427
212 186.7435316700342
216 183.16289219602112
220 179.4086351553807
224 175.63478802273175
228 172.0434377993377
