56 187.24339243388687
60 189.8941974343042
64 192.94680283516212
68 196.04108766595698
72 198.7304446037915
76 201.24371690364086
80 203.61131995276065
84 205.73485139335625
88 207.60103625008765
92 209.24268062211834
96 210.8763161003515
100 212.36364780176172
104 213.70411489860555
108 214.5373759745754
112 215.29291471817132
116 216.06539358875926
120 216.93460463609279
124 217.46940579559117
144 217.71409794615494
148 217.3716480467731
152 216.75710596505564
156 216.03223733406105
160 215.02692565178273
164 214.11264696165813
168 213.11401208119412
172 211.85936582107738
176 210.36018849055984
180 208.6018907645771
184 206.5941167838182
188 204.5603392805136
192 202.4276267350935
196 199.94576755210272
200 197.2536248532835
204 194.3428836139278
208 191.26022481950403
212 188.10422710874562
216 184.53122326706347
220 180.76209872354622
224 176.702140848414
228 172.83952974447294
