60 189.23861668527462
64 192.2570445668287
68 195.20796577769136
72 197.91149073449242
76 200.24515360235367
80 202.5491717795999
84 204.63485613931863
88 206.60383174964218
92 208.35845689239574
100 211.46231842601824
104 212.70447169761036
108 213.6178410106132
112 214.47806391690924
116 215.16263620869688
120 215.95068300410105
124 216.53652245791938
128 216.70337585247404
132 216.90010738661087
136 217.05411438976887
140 216.93096426167668
144 216.74123610529526
148 216.28186930157239
152 215.65505101141252
156 215.0088840822049
160 214.3735920330809
164 213.48824446699211
168 212.37149444528413
172 211.08196583504193
176 209.68279808653293
180 207.81236754858344
184 205.7368286118548
188 203.6085078347899
192 201.35868610758507
196 198.9325011309934
200 196.2350849541316
204 193.38372093786202
208 190.1171217726216
212 186.8887935133414
216 183.47123808464767
220 179.79969876468354
224 175.88471227860515
228 171.82145922620097
