56 188.21890393484247
60 190.3190682075213
64 193.34093703275448
68 196.21087760332946
72 198.62775915218063
76 200.9083143733037
80 203.02951217811662
84 205.13164375092106
88 207.16449041916644
92 208.9317985226575
96 210.58650701643103
100 211.99688243828103
104 213.40798088034035
108 214.42290552752223
112 215.265071767314
116 215.9341583001671
120 216.6513616242358
124 217.1156430369369
128 217.6409837935667
132 217.7953932550738
144 217.633034728796
148 217.30023748481068
152 216.59379739559387
156 216.00571444066273
160 215.4094704157963
164 214.44828579033074
168 213.31967801689697
172 212.18314989397595
176 210.57566505570023
180 208.69229743630802
184 206.54563262607815
188 204.36962086734013
192 202.2184068074319
196 199.84507608858277
200 197.17360523197004
204 194.35457460396162
208 191.13972340294913
212 187.7496217346405
216 184.11094841396425
220 180.22089767748463
224 176.48056613516195
228 172.7596379431731
