56 188.12801214608342
60 190.23500959681502
64 192.9013430058422
68 195.70957403384318
72 198.34046899417868
76 200.75121537446304
80 203.1037222170974
84 205.3735360918608
88 207.31423211302666
92 208.99045644328012
96 210.6662785081782
100 212.22055251232962
104 213.56476135645477
108 214.60494603041144
112 215.29368995851414
116 215.97400430718483
120 216.71215679261246
124 217.17646874952956
128 217.65678306393232
144 217.510719145138
148 217.1333565560173
152 216.56166946240896
156 215.8646460855973
160 214.98955962852924
168 212.98599010722805
172 211.82852887745915
176 210.35540231290412
180 208.5313886756062
184 206.3529803802125
188 204.2505591176748
192 201.97744690403735
196 199.38967645134704
200 196.68085511597866
204 193.76138877133025
208 190.79203535335745
212 187.59504451916916
216 184.10947927234497
220 180.19034577265614
224 176.29172570255605
228 172.6561498855158
