56 187.90255494242
60 190.3034745982507
64 192.97157344359454
68 195.65805826436903
72 198.2249745579878
76 200.72846133931358
80 202.94230098623513
84 205.18090300471968
88 207.193440521774
92 208.88090936503966
96 210.57275497416754
100 212.16191860969235
104 213.52228345197815
108 214.43067218065215
112 215.25009952185115
116 215.90754457261465
120 216.72671606136288
124 217.17787690537503
128 217.63797467020203
144 217.6251104823166
148 217.16526632948077
152 216.52980124942573
156 215.7803915561551
160 214.92755592619758
164 213.88785026096815
168 212.86518953841025
172 211.78614941932256
176 210.32945180714222
180 208.43445784592572
184 206.441801904714
188 204.46201793215232
192 202.26808937828457
196 199.77804033408577
200 196.9632900474943
204 194.1244643745811
208 191.2217008886078
212 187.9004664081276
216 184.1967573180653
220 180.52250384768178
224 176.51432627422815
228 172.6979920292607
