60 189.10606230870667
64 192.43964544985477
68 195.69573440132078
72 198.39836086728045
76 200.84127041606598
80 202.97497459918816
84 205.04974719743544
88 207.04528702578983
92 208.7961947337816
96 210.49156289492853
100 212.0941784645351
104 213.50710611304982
108 214.4570483922873
112 215.23612397006724
116 215.8315434277029
120 216.3986856945662
124 216.88578683162248
128 217.41466406279915
132 217.69174495220136
144 217.54363796044808
148 216.9696843693208
152 216.39897315820838
156 215.63861286395775
160 214.7779999671634
164 213.76110520760702
168 212.6717597077843
172 211.53564350715925
176 210.05415271488005
180 208.30670490678762
184 206.29198994587261
188 204.15189316841173
192 201.92901986884985
196 199.40277010895434
200 196.61204153739152
204 193.80355866116986
208 191.0021072556744
212 187.6875307681692
216 184.15008764377203
220 180.3191217188395
224 176.65756503174487
228 172.66072582575504
