60 189.40818227164567
64 192.73411276962503
68 195.86834388202436
72 198.58579608834188
76 201.01901915082755
80 203.3124516377796
84 205.45799000771078
88 207.43894311684696
92 208.98763826352692
96 210.58348764889428
100 212.03701180158959
104 213.3956318564716
108 214.35369150512665
112 215.0881377365967
116 215.7215502150661
120 216.48905755548793
124 216.8725320802379
128 217.3564177327844
132 217.58330943660656
136 217.60853803117192
140 217.64394805920213
144 217.40336888552955
148 216.88676263103673
152 216.2952656298879
156 215.65283807880851
160 214.8601496461177
168 212.98248527755769
172 211.79092486620522
176 210.22675282676377
180 208.298926525417
184 206.20118332527204
188 204.11347110503806
192 201.99258423314566
196 199.53302789309433
200 196.75957143033548
204 193.70274417674966
208 190.44048584500862
212 187.2193412431035
216 183.84057188584686
220 180.1627248666503
224 176.43159792469226
228 172.57788577384014
