60 188.6866927048405
64 191.9950173685957
68 194.71928544115156
72 197.5333977783627
76 200.00106631154367
80 202.41466480056764
84 204.4787922985175
88 206.33211249833843
92 208.17870163029949
100 211.56441810506237
104 212.86644117504096
112 214.77677667551214
116 215.34944514917999
120 215.9755165737168
124 216.55685578871544
128 216.88896174186527
132 217.2967871868812
136 217.56518699021382
140 217.43255888646172
144 217.17315869366269
148 216.70217915968396
152 216.1854799143048
156 215.46460827397033
160 214.72793718385824
168 212.71668967162884
172 211.52373562294457
176 210.1752674935451
180 208.51369846890555
184 206.3747200333951
188 204.32106822125513
192 202.11307801813786
196 199.73144233696038
200 197.00509689339853
204 194.13683420006404
208 191.13237144350077
212 188.04868204305077
216 184.71691122378954
220 180.88948088953828
224 177.3430676490288
228 174.023638156964
