56 187.4870176492838
60 189.6729941582047
64 192.66153756938695
68 195.56478470532397
72 198.11049627100235
76 200.45388766736286
80 202.75833856199088
84 204.79516509197254
88 206.890439083868
92 208.48963429535564
96 210.21771718092816
100 211.72468964576916
104 213.03978308608077
108 214.23039371698428
112 215.0513446208286
116 215.71709726058958
120 216.37090203989493
124 216.86764691614314
128 217.34959865746464
132 217.66257228794652
140 217.8020609412726
144 217.49880871476304
148 217.06492435383396
152 216.50933180935186
156 215.8644080654551
160 215.1057162491956
168 212.9820796527683
172 211.7873471580462
176 210.27629787417376
180 208.3966095135616
184 206.3839461409809
188 204.39597241320516
192 202.24558832410875
196 199.75104861436628
200 197.03388070813807
204 194.04478810082026
208 190.9243303408142
212 187.67557997115324
216 184.27908527736486
220 180.69751674201888
224 177.354202772991
228 173.7859321886088
