56 187.3459697858072
60 189.79311165613984
64 192.8769177092641
68 195.78404884740124
72 198.3133408287063
76 200.65228296310244
80 202.8556593137147
84 205.0535852578426
88 207.0233398106902
92 208.70543856144877
96 210.30914553984033
100 211.83840623325057
104 213.19442313279995
108 214.3214341153868
112 215.16904312996505
116 215.89692347439467
120 216.69134182613908
124 217.14025274539776
128 217.63936708975447
132 217.8297594137238
144 217.7244389147439
148 217.38588692891443
152 216.7050209103037
156 216.0816455834979
160 215.24098278053935
164 214.28728281366384
168 213.18211162601247
172 211.85451492032524
176 210.23436268286838
180 208.36683891260628
184 206.3180349689568
188 204.33479561151756
192 202.26847603488525
196 199.7305245773176
200 196.83654946908152
204 193.91350120598133
208 190.98283264015217
212 187.84379663382782
216 184.3981320592204
220 180.794703648964
224 176.99285071674822
228 173.06481093967778
