60 187.8405658157979
64 191.2484422555554
68 193.95986222225537
72 196.5611427949227
76 199.08894341412267
80 201.47664708139695
84 203.89680806143411
88 205.9034219250241
92 207.66115700784928
96 209.3227419787111
100 210.79051438692835
104 212.06494465332142
108 213.07586150023997
116 215.00280930882604
120 215.49193579416186
124 215.92442663017667
128 216.265719445319
132 216.5473453963262
136 216.51054570201782
140 216.5162018699167
144 216.37977338387307
148 216.179785449046
152 215.6565585956319
156 215.039340835953
160 214.32608159335524
164 213.33775027570516
168 212.2296313938048
172 210.96517593478146
176 209.5747414525932
180 207.952997750561
184 206.14969735814813
188 204.07288402764954
192 201.71033923186107
196 199.30370342614927
200 196.543010790552
204 193.68163300015513
208 190.92968219722547
212 188.01880178124884
216 184.7671468339144
220 181.00989281573737
224 177.4422282460034
228 173.88650614621668
