60 187.75424833210295
64 191.0750001606399
68 194.10393037512938
72 196.76398815975602
76 199.0924015296916
80 201.46480072264671
84 203.96499414740205
88 206.22790138237434
92 208.05380776220974
96 209.83864448533237
100 211.30693834826522
104 212.39560476283427
108 213.39501156172506
112 214.12383368495577
116 214.85076941502857
120 215.42223635688947
124 216.05015206252648
128 216.3347047695682
132 216.53269615905134
136 216.5992347095804
140 216.54457701073426
144 216.48314593769922
148 216.26911796917761
152 215.87942090286217
156 215.21492158831356
160 214.4434168179464
164 213.4365629157811
168 212.326500966899
172 211.12556812505431
176 209.68705187441338
180 207.99306306702402
184 205.95771122896042
188 203.8339287721791
192 201.5597060963031
196 199.19097462488276
200 196.6832413838809
204 193.8414966233807
208 190.97218611020534
212 187.76915259289837
216 184.38293035370236
220 180.73678907261626
224 177.24874810413974
228 173.80379706618845
