60 188.79091111679884
64 192.18333115217425
68 195.5961931065907
72 198.41049361509187
76 200.94424666952958
80 203.35559021344235
84 205.56084012037027
88 207.587989920381
92 209.26387061480537
96 210.8919345702112
100 212.3238703044286
104 213.48874468564685
108 214.52309566692168
112 215.52611489117092
116 216.34558474920607
120 216.9764586845452
124 217.49857727665503
132 218.20160669459557
136 218.38568134666252
140 218.22262090142416
148 217.68106200145843
152 217.23318169051396
156 216.4985377992054
160 215.65744489408138
164 214.60747815089246
168 213.41553212120277
172 211.91639712013685
176 210.50190106771214
180 208.8061609553885
184 207.00703677350361
188 204.95156800531453
192 202.72474822049418
196 200.24083619321738
200 197.55304862773568
204 194.6234907154996
208 191.54037580583156
212 188.52946909131526
216 185.28739726624624
220 181.71325218888012
224 177.55778758452567
228 174.07123433706772
