56 185.62239540050018
60 188.24296021797903
64 191.68135998188302
68 194.59648290342176
72 197.39898325152456
76 199.8184430313089
80 202.47386948376266
84 204.61847825869916
88 206.51685786348293
92 208.14146057104972
96 209.88260156894748
100 211.39510354620433
104 212.52861484254947
108 213.6067507804701
112 214.358650100567
116 215.1264306292798
120 215.7170651577166
124 216.19674701638962
128 216.48388410029762
132 216.6418036837807
136 216.73720416648752
140 216.69683274820952
144 216.52303417522046
148 216.20385138022988
152 215.64361641593607
156 215.11280168302682
160 214.42640768414356
164 213.4923164916193
168 212.38529331068355
172 211.15316823574045
176 209.6529964276612
180 207.77405031971676
184 205.72444564555244
188 203.70106487679232
192 201.54766351651716
196 199.18214112163997
200 196.3508234820086
204 193.41711957657208
208 190.22126214576053
212 187.1275989856111
216 183.83993844843707
220 180.24714676372008
224 176.66373909448805
228 172.8013858566513
