56 187.0725806870126
60 189.8239674665567
64 192.80803539052437
68 195.74321892477923
72 198.33192226074243
76 200.6434562287285
80 202.81239433413992
84 204.93950770741975
88 206.86530828733407
92 208.68897168733417
96 210.36346443237684
100 211.95766153525858
104 213.34731105892666
108 214.41356367750802
112 215.12254546020708
116 215.72141631597833
120 216.38067458332662
124 216.8540206929998
128 217.37951975002252
132 217.6802415243771
140 217.73505811352172
144 217.48200491516616
148 217.00564785774026
152 216.50012635676347
156 215.6901911454564
160 214.94166331437842
168 212.95982170858417
172 211.70913927624966
176 210.218212602824
180 208.39592063430806
184 206.46731459978264
188 204.3992642619379
192 202.23282542242987
196 199.72659502321048
200 196.9520014061462
204 193.78420895073594
208 190.72392831531886
212 187.42362778902054
216 184.00448053527975
220 180.35639059389564
224 176.5135786999699
228 172.61561507364104
