60 187.3252874941619
64 191.18873897229335
68 194.23104574660385
72 196.91363355615343
76 199.33913822184303
80 201.51539215186975
84 203.80019341006258
88 205.86018903368588
92 207.75153322629183
96 209.35646209678688
100 210.8295838957766
104 212.0491829855099
108 213.1458626289911
116 214.9451829311339
120 215.4809634380673
124 215.98251568827573
128 216.24649904364264
132 216.5099407209267
136 216.61033111573744
140 216.61915516469503
144 216.57980753364916
148 216.35178938372002
152 215.83863571713468
156 215.16196404116016
160 214.3903553553852
164 213.43416878591853
168 212.43440970274744
172 211.3595078713562
176 209.92365895645958
180 208.05673774624648
184 205.97573076103345
188 204.00485154637022
192 201.86115876469367
196 199.21714637956848
200 196.56497393787197
204 193.75822436025288
208 190.63719969695552
212 187.4478238818985
216 183.95400736709632
220 180.63932376226882
224 177.2168652846091
228 173.89426710480652
