60 187.49232985273795
64 191.34582633343308
68 194.06727931217358
72 196.71880248655222
76 199.0544214007605
80 201.409294366771
84 203.79557658464591
88 206.03918201722416
92 207.93008219696992
96 209.5288959960937
100 211.0033428499865
104 212.24304234988156
108 213.26525898737395
116 214.8387741202942
120 215.46103838199127
124 215.98439713967093
128 216.30625844888203
132 216.54220107811562
136 216.65988735624555
140 216.59183057608055
144 216.44885200352667
148 216.20873861291415
152 215.7695598895133
156 215.22035576297978
160 214.49836984711555
164 213.53991600113687
168 212.40812957251865
172 211.2144946924008
176 209.65459310097373
180 207.80705540228132
184 205.90168075280096
188 203.8419720839346
192 201.7032651345299
196 199.2292873201277
200 196.51097765077026
204 193.6219049399359
208 190.70811269237834
212 187.28809191347415
216 183.8987642598498
220 180.17898343267194
224 176.89271908315402
228 173.65914091450958
