40 179.86728060920316
44 181.93799642074538
48 184.56501775106
52 187.54159277183246
56 190.46648197691243
60 193.54331913110116
64 196.44955907344118
68 199.00421061793966
72 201.33843045189582
76 203.57201482849464
80 205.58947345500926
84 207.29722350602162
88 208.87194518220235
92 210.30090735676424
96 211.52821240685677
100 212.64278752096072
104 213.48643654159565
112 214.7072213269659
116 215.15600094811134
120 215.6585811727307
124 215.89580337836298
128 215.93591610212061
132 215.78069698813002
136 215.47297113338425
140 214.97653789682045
144 214.269911184638
148 213.58129295843483
152 212.85965342082216
156 211.9637162026767
160 210.71239895719884
164 209.42424729869026
168 207.93427820042223
172 206.41500684404926
176 204.60988951144563
180 202.5933357984906
184 200.24347117151046
188 197.71898566098133
192 195.28922117896118
196 192.7025789658032
200 189.6057421603596
204 186.19054991431238
208 183.0223488166464
212 180.22015135887938
216 177.00093486102347
220 173.95310001715183
