60 187.82452710838373
64 190.95590466178433
68 193.8075221337566
72 196.38363058011532
76 198.7861912447733
80 201.0060059355696
84 203.31889835759858
88 205.43087530412427
92 207.3373916000385
96 208.9804379341824
100 210.44692985381494
104 211.64062667072767
108 212.70020993850463
112 213.72125630647574
116 214.5395034003817
120 215.11140431994625
124 215.5605770019157
128 216.0162858425889
132 216.30179115695995
136 216.46367797903252
140 216.4634827549923
144 216.24503199657102
148 215.75528950261636
152 215.13198960638098
156 214.42073936202866
160 213.62359677559735
164 212.74552110415829
168 211.68781549110818
172 210.47794446949638
176 209.0375220621243
180 207.4173088467396
184 205.43523242926167
188 203.45296454834508
192 201.1319200377391
196 198.59180776918802
200 195.97982997952207
204 193.24414992565244
208 190.58602625143686
212 187.55243725916324
216 184.25217420229092
220 180.59836269055697
224 176.69345181365503
228 173.15220614998015
