60 187.49133944067802
64 190.99995140197797
68 193.7412611346041
72 196.38504810019217
76 198.92623817032114
80 201.30565013262333
84 203.66486269746
88 205.68905557883403
92 207.41016835948807
96 208.8942530417924
100 210.225976918769
104 211.4613850628296
108 212.53614665925912
112 213.52201374708744
116 214.2952128793395
120 214.89896570979414
124 215.39319393167983
128 215.89566357039882
132 216.15379476777736
136 216.3521456264426
140 216.27857183414508
144 216.01221386758647
148 215.60957089749147
152 215.05730788918896
156 214.44313518910064
160 213.61333589907022
164 212.6704049901643
168 211.5915458251501
172 210.29932227708485
176 208.82331126793736
180 207.13069014012234
184 205.22401644260958
188 203.39822069813752
192 201.36970052068776
196 199.04422913483265
200 196.3247616282103
204 193.59902805430113
208 190.9075684553461
212 187.95176556132293
216 184.38801315035224
220 180.38100004060038
224 176.87117401465937
228 173.62511458379896
