44 181.00075730984378
48 184.5652916312212
52 187.72203927335832
56 190.83424892930913
60 193.81049729376815
64 196.69835921548963
68 199.3534733319118
72 201.70133498070226
76 203.98087967579414
80 205.99275954853675
84 207.75657747982115
88 209.17589384289278
92 210.49595660261642
96 211.89316123496013
100 213.04335875841954
108 214.77667434139286
112 215.19264964784008
116 215.49700261414182
120 215.83349424837564
124 215.98974524303952
128 216.04944344220462
132 215.90751474752875
136 215.53820343035105
140 215.2478135419271
144 214.693144227524
152 213.30138450580108
156 212.39887085736584
160 211.21737844427435
164 209.8769195012992
168 208.42349810301005
172 206.9650689320319
176 205.13574237399348
180 203.14296424084517
184 200.86437506512058
188 198.51221598473762
192 195.94941673065946
196 193.14707825732987
200 190.09542159905772
204 186.8938667121326
208 183.7386530666388
212 180.7736103775785
216 177.3609960599099
220 174.6944611282405
