48 183.80391985892433
52 186.55564276943622
56 189.38390933748133
60 191.95198450455192
64 194.6660957607367
68 197.17548536716595
72 199.654872769945
76 201.94399474343282
80 203.92782519667932
84 205.7134247702586
88 207.36529814989632
92 208.8481141453802
96 210.15728424760607
100 211.21768884351616
104 212.03541185016473
108 212.77678181095018
112 213.36402096244137
116 213.85274856609422
120 214.22627338013157
124 214.46519308408082
128 214.57949858871464
132 214.46637692112097
140 213.63541656691967
144 212.89285819667003
148 212.14026441532326
152 211.29254466887755
156 210.51749870090111
160 209.57655531104825
164 208.1856258216439
168 206.46822578735123
172 204.86011606041566
176 203.08508298825376
180 200.96262979142995
184 198.54185699581393
188 196.0854811998183
192 193.62634152485083
196 190.97049282919818
200 188.16580151447093
204 185.20309201229995
208 182.0851089892049
212 179.04681975349433
216 175.349860507188
220 172.7957748866659
