60 187.37381527438467
64 190.9010431984524
68 194.0458406963169
72 196.65315298383337
76 198.8341812082961
80 201.23214788272625
84 203.771718208994
88 205.96260851544565
92 207.75231210514147
96 209.42825650121355
100 210.9218570014372
104 212.22267653434994
108 213.29701319345975
112 214.23373419460168
116 215.09079678510665
120 215.75664827586775
124 216.15795026640808
128 216.49412485056288
132 216.6360081858067
136 216.7075120920161
140 216.71194600416965
144 216.59609552569148
148 216.38872153092817
152 216.01642295809393
156 215.48035336492802
160 214.74564491339092
164 213.71862118678519
168 212.6069401244269
172 211.55544581787552
176 210.00542216444666
180 208.21903476795217
184 206.36132046224026
188 204.416715930968
192 202.1963436352779
196 199.66422369298823
200 196.91452946100753
204 194.21971621485528
208 191.25160501118836
212 188.2549513138316
216 184.56268108173924
220 180.89306876211745
224 177.36933958744584
228 173.94122852074895
