40 178.24625854058053
44 181.66510464842008
48 185.27799252623416
52 188.47203085609888
56 191.46677281096095
60 194.2390384179111
64 196.90703891359965
68 199.59119024349116
72 202.06639130521273
76 204.30282559962964
80 206.40883395911362
84 208.25137376897197
88 209.87309059837563
92 211.1507207359976
96 212.2666439232613
100 213.34355136207932
104 214.28447946347322
108 214.9502931715195
112 215.39112433716895
116 215.8548174142594
120 216.40884935246703
124 216.61187393896626
128 216.5570533676301
132 216.3174964146592
136 216.00752701588937
140 215.65069204444302
144 215.19908099656595
148 214.4584128925448
152 213.53471393890968
156 212.5300233048748
160 211.25244351430302
164 209.8648272269395
168 208.4183725161599
172 206.9478156589008
176 205.11877616206948
180 203.0469884110075
184 200.5122649974668
188 197.82947926794853
192 195.38509032391028
196 192.65460033274317
200 189.56646202529717
204 186.42762938771023
208 183.26670234048805
212 180.37275299315326
216 176.92939914299558
