60 187.4037123951377
64 190.73649921960214
68 193.54087905009868
72 196.21323645446597
76 198.7554218446957
80 201.214226406078
84 203.58809425398752
88 205.6994568699499
92 207.4027237643704
96 209.01280184240957
100 210.44369087172652
104 211.81769030838117
108 212.93283514630406
116 214.92743414204773
120 215.43984049361958
124 215.86483366092838
128 216.21563094278318
132 216.48814396653412
136 216.62110894119422
140 216.63970414558574
144 216.52631875147202
148 216.2091348408391
152 215.66463694688684
156 215.02464683806215
160 214.22517897461563
164 213.25625324253892
168 212.1285750255725
172 210.8442003534726
176 209.38344923170519
180 207.73344484142672
184 205.81675623288425
188 203.9174795750942
192 201.8220314373114
196 199.46276341234997
200 196.75387127427635
204 193.93397240703513
208 190.96105458347893
212 187.6964107955779
216 184.48495786392942
220 180.7066725998443
224 177.5133710256726
228 173.82752915084882
