60 188.0295441861407
64 190.7483924709735
68 193.75603911385693
72 196.377365621658
76 198.72022972963504
80 200.89675949387598
84 203.05061358891103
88 205.09070542703137
92 207.00402906288508
96 208.70110344233248
100 210.35506789023714
104 211.736785846764
108 212.75879143359563
112 213.65056691534048
116 214.45475339303755
120 215.1532858316053
124 215.6470962566463
128 216.05850888552868
132 216.2615077088299
136 216.39051816404552
140 216.3339700239252
144 216.22940453502238
148 215.72856565199083
152 215.2882908947097
156 214.68516352073286
164 212.93330881807648
168 211.8723253279567
172 210.63895485075017
176 209.1761874255465
180 207.64089943102542
184 205.8219658363309
188 203.83104910447852
192 201.5412435245541
196 198.82688906136008
200 195.99625716839998
204 193.33807434029853
208 190.63316694694583
212 187.6637536643754
216 184.55885236451894
220 180.8151076579959
224 177.11712668659146
228 173.33729504904744
