60 187.66355957197496
64 191.0754465534436
68 193.56492558870366
72 196.03786045985868
76 198.50865776221568
80 200.93040229102306
84 203.38894547722046
88 205.590806406706
92 207.43113493498782
96 208.8926349867819
100 210.28639184663314
104 211.4579185215378
108 212.6824960817288
112 213.6056460693011
116 214.46543797701625
120 215.12649552521003
124 215.5929254873183
128 216.0153792261608
132 216.2954375235603
136 216.40305566116376
140 216.44334307762472
144 216.1633275731254
148 215.825806697679
152 215.31035310892503
156 214.56711146290368
160 213.78415191012544
164 212.8366451181263
168 211.86000482832065
172 210.76844355780474
176 209.54496860169272
180 207.9591675144863
184 205.76674554135667
188 203.53264179129187
192 201.4423796750743
196 199.27760263477646
200 196.80047744517262
204 193.898859245305
208 190.78813062497605
212 187.46415126182347
216 183.9492022064024
220 180.4667512094037
224 176.85909468054268
228 173.44765221928878
