56 176.9841533379942
60 180.776245037296
64 184.22374468466654
68 187.62415772016055
72 190.91138445907836
76 194.0747868326596
80 196.75843963794208
84 199.2770940611408
88 201.7334469252625
92 203.90968067905033
96 205.85602782290783
100 207.58778216123972
104 209.15008233859615
108 210.45915795581223
112 211.7303533078515
116 212.8623664533704
120 213.80080960720213
124 214.42987130792895
128 214.9837002921621
132 215.4272049573272
136 215.86726743405748
140 216.08625499671683
144 216.148451208981
148 216.1244268223688
152 215.84830242662153
156 215.45534376546192
160 215.11649825531654
164 214.54838105415047
168 213.6423504322042
172 212.71012267822672
176 211.408291541901
184 208.59603504685413
188 206.9426389865559
192 205.03601890251238
196 202.94504336224722
200 200.77470511075123
204 198.36138891577068
208 195.86582797703204
212 193.31477354468683
216 190.53505762002646
220 187.82439336476494
224 185.14275023222996
228 182.37107742793577
232 179.05209210807828
236 176.08959576538172
