52 174.96736138814916
56 178.14561144755623
60 181.6763243707454
64 184.96087987075094
68 188.3261371794946
72 191.43133764749203
76 194.42023332367586
80 197.16800084972328
84 199.8252296059233
88 202.17655778143344
92 204.4036249317179
96 206.39390045014105
100 208.1424933065633
104 209.59619546574993
108 210.95248008106606
112 212.04994112954626
116 213.10992628936404
120 214.1386867479336
124 214.8484168490604
128 215.37450177200498
132 215.98549143272768
136 216.35470555206805
140 216.53516025563567
144 216.60716532350304
148 216.47003939541128
152 216.16892243188659
156 215.74298061377192
160 215.0743701042731
164 214.38218928253139
168 213.40431566506746
172 212.3811895320283
176 211.2584433139639
180 209.84081088856504
184 208.3349918737955
188 206.83627132821394
192 204.9959686393762
196 203.0755141478304
200 200.88480778971615
204 198.47092006579226
208 195.90476628987025
212 193.3102310191886
216 190.57723789099668
220 187.68344767337157
224 184.78617466769526
228 181.9306213255623
232 179.12816915414012
236 177.25875650288378
