52 174.320922309539
56 177.6611163560368
60 181.31436250990842
64 184.68205407628437
68 187.90230887632288
72 191.27426847123036
76 194.33747453853064
80 197.24033921099638
84 199.97267586263735
88 202.35413612889295
92 204.22130053831353
96 206.11650019799777
100 207.82005570910147
104 209.38900902347777
108 210.75432429439692
112 212.04970495082048
116 213.0823910013982
124 214.62029219675674
128 215.10562607876105
132 215.5169349088831
136 215.92478825171818
140 216.02918935502774
144 216.08201979977335
148 216.0406795889763
152 215.77790254498555
156 215.4470466416664
160 214.89703529821855
168 213.17302309416834
172 212.18427122590595
176 211.13783685255444
180 209.72190755596685
184 208.04729635519888
188 206.3716588775323
192 204.58749039102233
196 202.62368727575875
200 200.38817670824199
204 198.19054097483118
208 195.83853865107525
212 193.3011557830767
216 190.58197208960132
220 187.46278640175387
224 184.51333750347558
228 181.69387962412054
232 178.97135882632688
236 177.55068596831666
