52 173.93479208971067
56 178.24148936796945
60 182.1379340028447
64 184.99116531410198
68 188.07280977423017
72 191.1700369232817
76 194.05521950710502
80 196.81567281811925
84 199.44926754899922
88 201.94417332774975
92 204.05460328034616
96 205.85170884874339
100 207.539059165049
104 209.082580821132
108 210.57117666939678
112 211.90474501707763
116 212.9917051257335
120 213.76665069956363
124 214.47578872803328
128 215.0373510723178
132 215.4525571233018
136 215.78727227338533
140 215.89565747719135
144 215.95366620115672
148 215.8411913394275
152 215.6477186521658
156 215.3823909415601
160 214.81764735646811
168 213.0537158112584
172 212.29919347298073
176 211.16465570524292
180 209.75237312177666
184 208.11820352776323
188 206.38440678476536
192 204.52722457780294
196 202.67579022791423
200 200.43538852674754
204 198.1175536774398
208 195.65084456820085
212 193.05183032942585
216 190.24676020451557
220 187.09993295609613
224 184.11820271264037
228 181.19305572255217
232 178.17073882235758
236 176.39338470902464
