48 174.27267617980573
52 179.08761782339153
56 182.773206074834
60 186.1846223508502
64 189.34946684470077
68 192.40788563108802
72 195.38694047636525
76 198.18798119427512
80 200.59248418370294
84 202.88697406325866
88 205.02497617283035
92 206.71898617427527
96 208.20662613881728
100 209.6308991186408
104 211.02134884874033
108 212.14168537295197
112 213.18259481768507
120 214.7343721757058
124 215.1467258718061
128 215.65843387118173
132 215.87308197586466
136 216.13814308674665
140 216.18332457043064
144 216.02047864990462
148 215.75030195831533
152 215.4159565161679
156 214.86345687202498
164 213.17145079000568
168 212.1419280734973
172 211.03330561753617
176 209.73346917839012
180 208.197950366099
184 206.53714398132647
188 204.78466299773598
192 202.74045750039147
196 200.50303716390567
200 198.10273372848033
204 195.63761809519053
208 193.01433976508451
212 190.0191286522812
216 187.26595812461983
220 184.60180864059015
224 181.67279950656
228 178.6582041729116
232 176.13151304338268
