40 176.09915993026078
44 180.11392268775825
48 183.6414188021582
52 186.9938265911986
56 190.00809290154425
60 193.0034644549126
64 195.78635381050753
68 198.5076810762804
72 200.91241847499535
76 203.22866762122592
80 205.39435151616271
84 207.34182748778966
88 208.90974344665713
92 210.27403076628457
96 211.43719496482655
100 212.62225978435978
104 213.64775347588454
108 214.40606947815158
112 215.0118273659892
116 215.49107504959204
120 215.93979620839838
124 216.28487092740295
128 216.4200048266959
132 216.38732514731475
136 216.14339997856874
140 215.8447393558659
144 215.49546003313134
148 214.95885890697178
156 213.16006381092782
160 212.20379776657785
164 210.9935625405298
168 209.57389764000052
172 208.05277910887168
176 206.39072798194022
180 204.6780866714574
184 202.75208816134614
188 200.33732930721305
192 197.760446726825
196 195.02697339668654
200 192.29610608531283
204 189.4658970377725
208 186.57098254329287
212 183.35718699492693
216 180.45623448805685
220 177.33204336349763
