52 175.74254184592223
56 178.407817267744
60 181.64466761478735
64 184.92589715077276
68 188.20972149713046
72 191.345981636854
76 194.4187034511025
80 197.48198352674396
84 200.17555666697618
88 202.4174588927758
92 204.46736973189576
96 206.3223487171586
100 208.13058027285933
104 209.57844166543242
108 210.9850084548735
112 212.2155894760904
116 213.40091041855368
120 214.3433893709451
124 215.01039562831855
128 215.4594718038477
132 215.91525728239878
136 216.18140646548608
140 216.4925407310315
144 216.5074528661084
148 216.4192423011264
152 216.25482767352315
156 215.8094041376063
160 215.2445931245974
164 214.56808354044438
168 213.76653369666522
172 212.7060137334151
176 211.63088815250558
180 210.33558524083352
184 208.9039502111071
188 207.2683835162209
192 205.3443728111891
196 203.25636299483133
200 200.9369804803976
204 198.55257398993874
208 196.05934654041008
212 193.56355831391616
216 190.8084014982607
220 188.07323185114436
224 185.45492951741755
228 182.5374774356456
232 179.65510840172522
236 177.69930350057138
