52 175.9204219446043
56 178.5288016532036
60 181.57954206848802
64 185.1271676479095
68 188.65235207940484
72 191.8042533594696
76 194.66696140750756
80 197.452076077885
84 200.0966668856874
88 202.3857130235243
92 204.52034838873902
96 206.49057445080967
100 208.2938729160482
104 209.74770747758456
108 211.05893088448042
112 212.17237030518183
116 213.28000827820657
120 214.1357740668862
124 214.86523289105827
128 215.2993506227171
132 215.79033726239874
136 216.2364704846481
140 216.52536572381194
144 216.57320380494974
148 216.4705020013248
152 216.26331326990777
156 215.79233929968987
160 215.2558006239058
164 214.5159347147416
168 213.63821208070004
172 212.59309158183527
176 211.56706627529033
180 210.26836934948318
184 208.71246876281762
188 206.87407292935268
192 205.04503073033027
196 203.02349104778511
200 200.79024532888207
204 198.39192212596544
208 196.04554459099367
212 193.54271276030437
216 190.7980827303446
220 188.10958644911412
224 185.32307561501713
228 182.35611990454538
232 179.10055159057248
236 177.20166959712174
