52 175.24291671925147
56 178.43171893163475
60 182.0040069400589
64 185.5595930397995
68 188.85516630050864
72 191.91817294963218
76 194.91361908993267
80 197.5979458027072
84 200.14202887081694
88 202.3898181419409
92 204.44538271536365
96 206.46644032180902
100 208.30961416037718
108 211.38293573793126
112 212.63656988085526
116 213.60869345520928
120 214.43231813607778
124 214.9691480724681
128 215.45091461514943
132 215.95444272244342
136 216.30919569243537
140 216.5913519013165
144 216.55261497668897
148 216.55545594692163
152 216.5021420846532
156 216.12650072592325
160 215.57279596718467
164 214.96581081968597
172 212.94479756152663
176 211.72053092962165
180 210.3739702347739
184 208.96195847255956
188 207.34552825059282
192 205.47012904247802
196 203.46393850548372
200 201.20026841619477
204 198.8402302102164
208 196.42126296426127
212 193.86781775194484
216 190.97761167110403
220 188.1192819769799
224 185.50731417055854
228 182.7674250507001
232 179.56049535403264
236 177.3917360016336
