56 178.91355294528586
60 182.35141728549178
64 185.53293398344036
68 188.9331756271099
72 192.2493490373554
76 195.21246922550833
80 197.9991198469556
84 200.47872822419748
88 202.65768845366762
92 204.62390349135484
96 206.52242844045358
100 208.3961303536626
104 210.03247091593187
108 211.3274295958227
112 212.6488715546811
116 213.55993774134294
120 214.33839847867338
124 214.97235727261784
128 215.47786371600654
132 216.04017246688852
136 216.3887960034982
140 216.5401308064998
144 216.53269201599275
148 216.45962510373062
152 216.3211133045279
156 215.8832194252018
160 215.32463202523712
164 214.70419121663016
168 213.79957298037414
172 212.73144058711935
176 211.53164711546424
180 210.25767428812526
184 208.8553605036188
188 207.133210250474
192 205.2178226935559
196 203.00471183643185
200 200.7487113333974
204 198.30263349443055
208 195.87916889143503
212 193.35382857673667
216 190.6570700584682
220 187.96578424748668
224 185.2971208062301
228 182.31893058300153
232 179.21524615342742
236 177.50551108329063
