52 176.16347807099584
56 178.27857172157107
60 182.03028773391244
64 185.47515704433215
68 188.99912754823998
72 191.9939017406724
76 194.87654413471216
80 197.54416426877714
84 200.1662964942105
88 202.42513184492338
92 204.54934422379932
96 206.51341870674005
100 208.26814955624144
104 209.77379216698853
108 211.13527742767383
112 212.19640594901932
116 213.2285507971398
124 214.86394792541415
128 215.4011599890972
132 215.92465268269154
136 216.19859015390065
140 216.48124065620226
144 216.5343846894014
148 216.42134627540986
152 216.12148946309418
156 215.69162806286485
160 215.2191400119449
164 214.46337490218298
168 213.51162359906596
172 212.5686854681519
176 211.29913980230782
184 208.43152355759213
188 206.75656939436752
192 204.91554088459637
196 202.8027097831481
200 200.41876822920977
204 198.12900997818863
208 195.85832327089875
212 193.18037103089108
216 190.31231591038483
220 187.27395287315247
224 184.41154232505005
228 181.76217587933246
232 178.94145735130115
236 177.01558587181887
