52 176.39422973567892
56 179.18470708298207
60 182.43224628563837
64 185.8748806910086
68 189.09618157738834
72 192.2057093616118
76 195.2265258345908
80 197.99192656263645
84 200.60446428713556
88 202.9521463250856
92 205.1801808790005
96 207.20820412637522
100 208.78681548645628
104 210.26722123679448
108 211.55729706974267
112 212.75260592986206
116 213.65398147753933
120 214.7011551189008
124 215.3036215469521
128 215.92458667465485
132 216.31232881741093
136 216.50108494789657
140 216.59431847506676
144 216.62221926458483
148 216.60428378587366
152 216.33309280308913
156 216.1527522666715
160 215.65162877824292
164 214.8493772803739
172 212.86105614683112
176 211.84569463658582
180 210.61380954160944
184 209.00616681279314
188 207.2608500964453
192 205.32649812246026
196 203.34758805058607
200 201.25488591767646
204 198.9290906344815
208 196.3341348480641
212 193.57138997087912
216 190.68006448303578
220 188.02457257813148
224 185.49784731611516
228 182.60728508237185
232 179.4669319040396
236 177.54378332301908
