52 176.5539397534519
56 178.8943983370533
60 182.1196867085563
64 185.65614538281983
68 189.11606041837692
72 192.49827967904645
76 195.44774032316576
80 198.2594592846102
84 200.79534123446132
88 202.87901722204606
92 204.93309868773997
96 206.84729255396812
100 208.68534128502668
104 210.31667611953395
108 211.64806932074373
112 212.87443167489823
116 213.86584177772772
120 214.754742470309
124 215.30130116998222
128 215.84627130394708
132 216.27482193727923
136 216.57604454136552
140 216.67364248936616
144 216.6928276785549
148 216.61096614471907
152 216.30954080370185
156 215.92671409681287
160 215.50636933772182
164 214.81409826790275
172 213.002105894475
176 211.95507885904044
180 210.64621326524792
184 209.07025410626107
188 207.34612699678763
192 205.33194564839158
196 203.2752358579568
200 201.09948843045424
204 198.7510074510202
208 196.32451417950818
212 193.68415593028746
216 190.92142349890466
220 188.05150986188943
224 185.3765314602337
228 182.50498432301794
232 179.6064058143093
236 177.58044175968587
