52 176.91311725460002
56 178.72256097444668
60 181.80907068222433
64 185.34130787297596
68 188.41605783191187
72 191.43246877944742
76 194.36687735331213
80 197.3257504772427
84 200.25679692217543
88 202.4820633539914
92 204.45183366666186
96 206.3384358753317
100 208.08580051318478
104 209.59469467089812
108 210.76154440141644
112 212.0603124622582
116 213.1950185335968
120 214.13739286221585
124 214.88328803571466
128 215.47887789551828
132 215.99539846270022
136 216.28461337979974
140 216.48040471287254
144 216.4820041457911
148 216.2416438075146
152 215.97979557694123
156 215.60200058491841
160 215.27378335040822
164 214.60736339393966
168 213.76117188660368
172 212.74372518191097
176 211.60610428565278
180 210.24397526296087
184 208.683199006833
188 206.98205616661528
192 205.0210331860455
196 202.94531298200295
200 200.6524349450249
204 198.26140328249858
208 195.83039906476802
212 193.25976641358753
216 190.36492978344342
220 187.51504532650054
224 184.95407245203825
228 182.31847151990513
232 179.02696912820073
236 177.0847733081016
