56 179.07704960578417
60 182.33669884821808
64 186.26543015803225
68 189.58090933436108
72 192.54870115479602
76 195.51275916111302
80 198.13922775488453
84 200.67622441078439
88 203.0106769941781
92 205.09918434561362
96 206.93504447200502
100 208.66790331121317
104 210.41945386313125
108 211.90676146385005
112 213.09608540149736
120 214.91854104225456
124 215.5864119500785
128 216.32915424279952
132 216.7104523853067
136 217.12219746903838
140 217.41237527251033
144 217.5969815857256
148 217.373065474568
152 216.98763253833388
156 216.4792802072249
160 215.86151828196753
164 215.22804438924015
168 214.43618973769748
172 213.5445042781543
176 212.46147718537406
180 211.15721330849726
184 209.57027878100592
188 207.89089415521772
192 205.91377176703816
196 203.7149162507587
200 201.4041445663869
204 199.08166486734285
208 196.59412420114722
212 193.81717719909955
216 191.07405402869443
220 188.2650710573863
224 185.55016368711082
228 182.51891002635546
232 179.5114373470591
236 177.03627818861804
