52 174.86724634085363
60 182.65817385147864
64 185.80352582875736
68 189.0046706958575
72 192.08334190464643
76 194.99852818661884
80 197.77616265812415
84 200.39400722431344
88 202.59651434779624
92 204.5608146890722
96 206.44021288123315
100 208.22432603068526
104 209.82099234380246
108 211.1234908453367
112 212.25390412445967
116 213.39740108473146
120 214.4443819686435
124 215.1092946918104
128 215.66908050198268
132 216.05139808751807
136 216.3966065545109
140 216.57750207554488
144 216.67111017340767
148 216.69637121253513
152 216.55287911565566
156 216.0934442984285
160 215.4841406802501
164 214.801519449239
172 212.72301669092352
176 211.46770612237742
180 210.13838062236013
184 208.7803178711031
188 207.16638787187483
192 205.30658407486587
196 203.26852304799343
200 200.99336926606253
204 198.696571049402
208 196.3154292902326
212 193.7365666826705
216 190.88391081770595
220 188.04800677042394
224 185.29369962544683
228 182.4807907891195
232 179.53212367084103
236 177.49524744890692
