52 175.51677769603572
56 178.51757795281748
60 182.00262085659938
64 185.6186601514704
68 188.87504935560852
72 191.98650556608044
76 195.1284061306029
80 198.05074236502472
84 200.66930748412696
88 202.8301040296027
92 204.8024842184771
96 206.52183813610634
100 208.29834027821778
104 209.88074156063158
108 211.15466144076203
112 212.47662971132107
116 213.56049592175637
120 214.59989939924583
124 215.21887280581885
128 215.78547083804725
132 216.19548815873014
136 216.4137413616296
140 216.55292299692354
144 216.5456571406073
148 216.4258982912989
152 216.1667086061105
156 215.87163691661524
160 215.4568939145175
164 214.6791665738013
168 213.8197827596637
172 212.90340523817943
176 211.79807865855085
180 210.33797128523963
184 208.84133549868233
188 207.22402033597197
192 205.4220964143294
196 203.47111911611975
200 201.39897067511376
204 198.97489243476713
208 196.19919450195974
212 193.40711519421012
216 190.54171150054907
220 187.89850910518646
224 185.40247272789045
228 182.5710299103082
232 179.4244857616897
236 177.53759396364617
