52 177.3265696679661
56 178.93657960020394
60 182.36770020426883
64 186.0802286044543
68 189.51296171322986
72 192.70378135134865
76 195.53925456582482
80 198.23996209753702
84 200.79701301755358
88 202.9511710634537
92 204.89675857249267
96 206.71693303382855
100 208.51408486099356
104 210.22714734316432
108 211.40294572856425
112 212.75065353408291
116 213.86800900687888
120 214.8228321906964
124 215.40131675899323
128 215.9674501391396
132 216.361247508872
136 216.62292652057678
140 216.63180225151595
144 216.63889526451266
148 216.54281689073332
152 216.40037824879244
156 216.00862301093235
160 215.56100215497804
164 214.87141830177757
172 212.97016253612014
176 211.8166174936387
180 210.47207090438337
184 208.93633223889805
188 207.22600346241455
192 205.3185689155523
196 203.2720587321635
200 201.0602288619362
204 198.6178179404832
208 196.0978386486691
212 193.474850059762
216 190.8001098446303
220 188.07576255448043
224 185.43394207811843
228 182.48975617429886
232 179.30626301440742
236 177.27161092809632
