52 176.50843783973994
56 178.92054096443763
60 182.0619276063661
64 185.68703030501985
68 189.27806698212268
72 192.50963252819065
76 195.33484114012006
80 198.0202767052362
84 200.56806898308002
88 202.87674513938254
92 205.05482382626465
96 206.91192049441693
100 208.61639165843846
104 210.32145639442382
108 211.75126554830825
112 212.9218250606465
120 214.96278123350768
124 215.45916365328833
128 215.8744580701245
132 216.26401842880944
136 216.54136237365242
140 216.66547497603412
144 216.6867339678514
148 216.61680754624072
152 216.45365407996334
156 216.13828026763173
160 215.60059918859423
164 214.88069633328377
172 212.9811560854353
176 211.85768127509803
180 210.56819405429437
184 208.97239716221813
188 207.28713753473983
192 205.38296916923534
196 203.2422591578004
200 201.12684618849482
204 198.83536127776452
208 196.46250347765462
212 193.73573934607145
216 190.59411026142527
220 187.69921052604747
224 185.1187948342598
228 182.43485799742515
232 179.4225900530979
236 177.57039996034092
