52 175.74421434316386
56 178.49157239266117
60 181.66533823955615
64 185.26559916357047
68 188.7975932643524
72 192.1003116648426
76 195.03634246897343
80 197.8313988932218
84 200.46959381277446
88 202.70348848862105
92 204.7018149289501
96 206.57727468725614
100 208.2050274829145
104 209.73712133366848
108 211.13452405336614
112 212.23801298655593
116 213.39737175407254
120 214.33117323900535
124 215.08026446906683
128 215.57137202557817
132 215.9964810359979
136 216.37138029880242
140 216.5714259681075
144 216.6024816694532
148 216.46445742685992
152 216.2970236677942
156 215.88579308791068
160 215.42930763037353
164 214.8048924409002
168 213.8868589743096
172 212.76367905913858
176 211.5860408121984
180 210.153149055771
184 208.7336289589981
188 207.0933634940422
192 205.28060975501705
196 203.25077822489988
200 200.98017706655247
204 198.60263624481678
208 196.16954609364984
212 193.56384296402618
216 190.66392756167684
220 187.94968392244903
224 185.2590729432079
228 182.59011134409224
232 179.47150150089755
236 177.38714457740394
