52 175.78775684420577
56 179.07449549849457
60 182.65046296419922
64 186.14867987987725
68 189.5144467151545
72 192.6181357426262
76 195.58743359763307
80 198.30363493744545
84 200.80142705326932
88 203.05376838076722
92 205.0539732022794
96 206.90792400687798
100 208.64414905454046
104 210.20410961597747
108 211.46997933246246
112 212.77509993350873
116 213.7458470357741
120 214.43189765224207
124 215.05752741861323
128 215.68331737517823
132 216.249595311652
136 216.5156307464395
140 216.65194638002504
144 216.56927427942367
148 216.43674709303042
152 216.1910268260551
156 215.81530240438354
160 215.31279636981685
164 214.53125044881588
168 213.57342028986466
172 212.57662131787086
176 211.43489096210914
180 210.14194318716812
184 208.66260694149776
188 206.931507230737
192 205.03260228413362
196 202.99976545369182
200 200.76764752202808
204 198.43743337822931
208 195.92681201472587
212 193.22413348208167
216 190.4835216121145
220 187.48823619431926
224 184.69676008249917
228 181.8764397544311
232 179.14304143361812
236 177.53944297688076
