52 177.79717657883316
56 179.84961841166452
60 183.1494362059508
64 186.78769552362985
68 190.07250909171125
72 193.08096475190854
76 195.85460156334673
80 198.5061402311816
84 201.07876055552873
88 203.37719084569508
92 205.40534160495707
96 207.35958093915525
100 209.17798715068656
104 210.69850146765094
108 211.94231566344644
112 213.17276577012615
120 214.95130698176985
124 215.5638009461789
128 216.01826224257903
132 216.49407585616828
136 216.82430816600495
140 216.90003798627532
144 216.8502582108292
148 216.74447221812187
152 216.61060892093457
156 216.19077994226006
160 215.6467406665307
164 214.93913902451223
172 213.0926038932159
176 211.99706366985257
180 210.70791550193053
184 209.03977032807512
188 207.24461122641304
192 205.12891386161888
196 203.0150231035658
200 200.56466691190724
204 198.26029988917352
208 196.04198474748074
212 193.6312578175476
216 190.95618644549194
220 188.2387621644742
224 185.45710777098753
228 182.3089180443927
232 178.94089982560246
236 176.99418886120313
