56 179.37223699000907
60 182.13061906585625
64 185.89523023913878
68 189.79701936770644
72 193.15445645040853
76 196.04304537519744
80 198.63755631681937
84 201.0555283489313
88 203.43402636360167
92 205.45985772613648
96 207.14945770059524
100 208.88311998602347
104 210.4593635381841
108 211.73481362626816
112 213.05437834490982
116 214.22222210864928
120 215.06333336555656
124 215.68740246106015
128 216.11429711522152
132 216.51748210694072
136 216.76605205374943
140 217.01209993291496
144 217.02043938002186
148 216.81185385521442
152 216.510865357966
156 216.12500092667702
160 215.7021424568042
164 215.01123190284613
168 214.1112880691153
172 213.08618027032287
176 211.8218985378856
180 210.3936972178479
184 208.86786540303046
188 207.180363411234
192 205.28793960103508
196 203.228077600274
200 200.8866531154865
204 198.34221009527218
208 195.89583237714913
212 193.45940059498267
216 190.86717932426268
220 188.1750162748263
224 185.4044550726503
228 182.42805190639604
232 179.35816408902502
236 177.62335924076126
