52 177.42749788293497
56 179.86663778046758
60 183.0831836195747
64 186.33462995462102
68 189.57893656203794
72 192.7967436203603
76 195.7081166725416
80 198.36021428556896
84 200.8398597350428
88 203.10577255681451
92 205.24551406101335
96 207.2750638098016
100 209.15512411226285
104 210.69123652130418
108 211.98784917697418
112 213.26307366494166
116 214.1980447277972
120 214.8831211622718
124 215.44020206964404
128 215.90954582644014
132 216.4503259590143
136 216.80739761595103
140 216.7935153559954
144 216.74266159707378
148 216.60281450472513
152 216.4578476094198
156 216.11606580914832
160 215.6675607105497
164 215.02225313850144
168 214.22102146387016
172 213.09793700680834
176 211.902002328268
180 210.51149240436837
184 208.8404012839613
188 207.0341060296045
192 205.13238069036152
196 203.15138693492406
200 200.9751489862131
204 198.55662268986876
208 196.07344236490417
212 193.50732129426027
216 190.76949036256332
220 188.11062584236075
224 185.4158667667498
228 182.3135029243883
232 179.14097755294
236 177.2025652017213
