52 175.2390589836599
56 179.06326926401817
60 183.1260049480363
64 186.7278464817211
68 190.0550589954773
72 193.07896295121674
76 195.9620860682475
80 198.78830741066065
84 201.4209000107257
88 203.68893260087907
92 205.63059951971692
96 207.53752479250477
100 209.18532293487317
104 210.6904579925339
108 211.93784727028108
112 213.28012865613348
116 214.24574085300384
120 215.01626785594638
124 215.6236938855062
128 216.06905777420923
132 216.62414455657242
136 216.95596640826295
140 217.1418968017208
144 217.11334877553116
148 216.81414998915938
152 216.43999106868918
156 216.05522752293518
160 215.54758017647714
164 214.86958946442704
172 213.0857526963689
176 211.90250382664559
180 210.49985747074842
184 208.9546265262841
188 207.27928290171877
192 205.2774657236552
196 203.1503872939374
200 200.81361796345237
204 198.3849485942867
208 195.91993124674536
212 193.37392590363254
216 190.63135295056344
220 187.64638068627022
224 184.79650010933415
228 181.6887875804291
232 178.83212201650548
