52 177.4973797370845
56 179.76888401692054
60 183.00057874824148
64 186.57509328754963
68 189.70848738497995
72 192.910788544362
76 196.14658765249848
80 198.8645909138363
84 201.39973338881498
88 203.55637430557297
92 205.49795468627087
96 207.1799208230909
100 208.87523033970962
104 210.3572983468006
108 211.73709368803642
112 212.98871284904422
116 214.12296594738618
120 214.99521272699758
124 215.57967217115873
128 215.95893053268827
132 216.48089453832887
136 216.70350817802662
140 216.89449136438137
144 216.79686717541003
148 216.65187251356124
152 216.37709022841972
156 215.9020494112914
160 215.40469423300658
164 214.8247674445576
172 212.9904189167977
176 211.78621518579746
180 210.35788977391954
184 208.66700272174302
188 206.9916259951163
192 205.15673326593836
196 203.21091548186388
200 200.94157019001975
204 198.47653299981934
208 195.83881123493086
212 193.14556140755442
216 190.35528689584027
220 187.52500670161464
224 184.77288778372275
228 181.8914993997718
232 178.86570679973437
236 177.1460679024948
