52 177.3281232746748
56 179.87251413876766
60 182.65416287582832
64 186.5106003090288
68 190.2989690702446
72 193.55380199240315
76 196.27332113178286
80 198.99862740899562
84 201.67919351441188
88 203.8337788594261
92 205.5971937106487
96 207.2817887507839
100 208.8296262914776
104 210.4324542066747
108 211.85708408013306
112 213.24819645835703
116 214.3708554896614
120 215.17222568111407
124 215.76222812685563
128 216.20659198567932
132 216.666147085338
136 217.13998999756728
140 217.35946202242596
144 217.34501907695073
148 217.12794593144048
152 216.83622943530327
156 216.44091473971042
160 215.88122904308187
164 215.09421064331016
172 213.00340874902457
176 211.828209557916
180 210.47326038590174
184 209.02599408081187
188 207.46782861514288
192 205.41515157323832
196 203.233277278105
200 200.84578769537364
204 198.5212860028347
208 195.8888563958659
212 193.27395048077972
216 190.61204235928125
220 187.89149823057448
224 185.31587840201718
228 182.355170246255
232 178.97602447107255
236 177.2203983529471
