52 177.0578012407064
56 179.32270933393698
60 182.64057392428893
64 186.1857790787996
68 189.47542093823378
72 192.62707706973083
76 195.48056660589302
80 198.12800070532563
84 200.73051504306625
88 203.085475367214
92 205.1483958848949
96 207.0715643799238
100 208.80945152330509
104 210.4001345628467
108 211.89022497850837
112 213.09001779993534
116 214.13173088022597
120 214.81772601950152
124 215.421924414166
128 215.90302903861297
132 216.37900580795178
136 216.61941772480225
140 216.74967099242895
144 216.6272352377896
148 216.50348327934572
152 216.24486148862798
156 215.92809491588753
160 215.4787995935244
164 214.8399996958882
172 212.98681048257077
176 211.93201469896746
180 210.53832235995884
184 208.88352068782586
188 207.02649403919366
192 205.08122135949347
196 203.0188315289896
200 200.6404783085994
204 198.3103886053118
208 195.91600579260464
212 193.16353020113885
216 190.15767145943627
220 187.54127851557627
224 184.78010512847715
228 181.83614758602397
232 178.79922074303857
236 176.92492091852017
