52 177.1065229492994
56 179.3731810904331
60 182.4778606664639
64 186.2009330802011
68 189.65826736633142
72 192.741990459306
76 195.60679902007536
80 198.19614026643762
84 200.7063832253694
88 202.97934099022325
92 205.0724064485123
96 207.07417006169104
100 208.92048089130324
104 210.44205839633864
108 211.70231952264731
112 212.96019231283864
120 214.89342786829812
124 215.43003970805668
128 215.87666611935828
132 216.34662595258465
136 216.64586052173328
140 216.70935907519154
144 216.64626928825604
148 216.54864158031614
152 216.39716827226465
156 216.01588715137763
160 215.49668568597488
164 214.90026332513415
172 212.91876688318706
176 211.78600436097432
180 210.36847391611863
184 208.70710429012675
188 206.9658611551268
192 205.11133206665625
196 203.0930051673184
200 200.63196934290656
204 198.20417459471741
208 195.8647478621406
212 193.32434981884862
216 190.73552949935663
220 188.00366628763982
224 185.16466889803507
228 182.28846795004864
232 179.01965506681333
236 177.48869420634765
