52 176.25640827763584
56 179.50344760219696
60 183.09201720960633
64 186.80139944555606
68 190.04881712109312
72 193.27471846090302
76 196.24029537114032
80 199.16601636602525
84 201.83108854628335
88 204.25971258768794
92 206.19582276446482
96 207.99441466634883
100 209.538796459046
104 211.04740873714186
108 212.1147743232184
112 213.31525037641322
116 214.27521047249994
120 215.1428561987468
124 215.8171835280874
128 216.52670898822
132 217.07097264689796
136 217.58750063580663
140 217.7820783151466
144 217.82081459296657
148 217.62103970413466
152 217.08959344738832
156 216.5736084298008
160 215.92464210181382
164 215.244133544529
168 214.414027543628
172 213.38185607232703
176 212.18820797328846
180 210.73932114264701
184 209.08057387308747
188 207.37850646448248
192 205.72898026919222
196 203.9209497016384
200 201.5329247098675
204 198.86265285486937
208 196.31406461083517
212 193.80533145405406
216 191.13139101816574
220 188.323942400438
224 185.59214965446722
228 182.55248099993491
232 178.93551093461605
236 176.8171542302944
