52 175.50812298838406
60 181.0238182186901
64 184.18907714469557
68 187.46054118399854
72 190.55689464205653
76 193.71879317710594
80 196.54303218461473
84 199.0186463939133
88 201.33379839772834
92 203.35970353407004
96 205.2549315793568
100 207.0560798160227
104 208.71173738618518
108 210.0899932771604
112 211.2672894725801
116 212.16788546874415
120 213.16990982973792
128 214.34947290684934
132 214.64009105505562
136 214.97427836304558
140 215.28968841379955
144 215.4290338444506
148 215.3042047363447
152 214.92879491524678
156 214.5276911438402
164 213.20600756586055
168 212.35618477367353
172 211.40454647420137
176 210.23735643650042
180 208.74613413136714
184 207.06526401229624
188 205.23780444091005
192 203.45748644143288
196 201.4594189261711
200 199.3412027252172
204 196.9180203515893
208 194.4265266019737
212 191.91139556035483
216 189.3993517048474
220 186.6526803903693
224 183.81002722527842
228 180.88808056517337
232 177.7313416597607
236 175.2619110037669
