56 176.66730451108305
60 179.69385948631225
64 183.24283750619193
68 186.7878978086763
72 190.08008677926836
76 192.913392753479
80 195.7198350450335
84 198.4629410442961
88 200.7191768103988
92 202.8399752558782
96 204.8089816266783
100 206.54341508553375
104 208.22255342440016
108 209.6040820839412
112 210.86863941881896
116 211.91170793789038
120 212.8296746387336
124 213.57704179625955
132 214.29328654388328
136 214.4215593078722
140 214.48302964735856
144 214.52333768371446
148 214.54962323110297
152 214.41865732151234
156 214.1696069913625
160 213.76998320226198
164 213.09369715582963
168 212.20681826227178
172 211.1828343301247
176 210.09674273894225
180 208.58825431390778
184 206.97194460929163
188 205.20083059789226
192 203.49809452125564
196 201.4979954430661
200 199.31178906489365
204 196.92689515222216
208 194.38255475760158
212 191.83265026089106
216 189.16603100848914
220 186.46970295440707
224 183.1042251096327
228 180.3393515714996
232 177.51895963545707
236 175.1711202263528
