52 175.20778404078948
60 180.58662452510322
64 183.82058537100508
68 187.141047829584
72 190.49544272558305
76 193.59698158945835
80 196.46979178342266
84 198.97550877529704
88 201.24922241056584
92 203.19986852032554
96 205.1656752876101
100 206.84941371480863
104 208.4918089948631
108 209.80570784736597
112 211.00174378523576
116 211.90035594603142
120 212.97234250622643
124 213.82362954389157
128 214.33062229477977
132 214.83604115846956
136 215.2943497771612
140 215.56024682460634
144 215.63833245633614
148 215.40614748602994
152 215.0463263133151
156 214.60403856800662
164 213.46837963126012
168 212.5960740055869
172 211.61311735151403
176 210.3720060617282
180 208.95389550398232
184 207.488976893631
188 205.6975038195488
192 203.79460866122577
196 201.90573064086487
200 199.8188539434445
204 197.37652986887522
208 194.89702323034913
212 192.28103134896224
216 189.44438390504274
220 186.63661801246155
224 183.91096808358543
228 181.19308246572828
232 178.26997137606753
236 175.81783126203305
