52 175.7996314290076
60 180.79273377064186
64 184.05239399027235
68 187.42162909172896
72 190.59680675689725
76 193.80224427552608
80 196.51508888054002
84 199.07370991740152
88 201.32230100927018
92 203.4043915940885
96 205.45776602356443
100 207.20782939174825
104 208.71442574080382
112 211.28437003826042
116 212.25277385991026
120 213.1929393455225
124 213.87295844004095
128 214.2295859530147
132 214.62244876392413
136 215.06227530045024
140 215.34905354486176
144 215.5060199530654
148 215.35556720265328
152 214.9880647759436
156 214.55897811101462
164 213.35136495110095
168 212.52680250477425
172 211.48930477362856
176 210.28702662415023
180 208.95732753959965
184 207.38420017207105
188 205.5450142434767
192 203.71302235075458
196 201.74448384324555
200 199.62327692166653
204 197.21999257465092
208 194.722796773033
212 191.98027298769074
216 189.18352329743925
220 186.3979072891413
224 183.57146606620176
228 180.88339737143613
232 178.05521005273226
236 176.19704081540294
