52 177.13215949547623
56 179.5010257169307
60 182.87227037700717
64 186.46832618566282
68 189.795442137274
72 192.87087321258463
76 195.63828522452258
80 198.32116115060512
84 200.80765931952413
88 203.18720114113168
92 205.4907801498246
96 207.59106113221813
100 209.4704855398694
104 210.88025615788575
108 212.23156796633234
112 213.34293433360793
116 214.27762724733762
120 214.99643892873863
124 215.6489251590744
128 216.15911283272504
132 216.65747503425416
136 216.83672426073107
140 216.93887559704828
144 216.80544078235567
148 216.63511951013461
152 216.41268895223135
156 216.01577321079708
160 215.62532664685557
164 215.0616331647472
168 214.2380985929272
172 213.19902331921085
176 212.11027668693586
180 210.6821896075413
184 208.9715362747928
188 207.16695234799803
192 205.25290472726957
196 203.32273988545552
200 201.03602912460158
204 198.54603123648792
208 196.0361800267368
212 193.48503237333819
216 190.6091905324966
220 187.62146679604382
224 184.79724376837396
228 182.02640579080492
232 179.19814836022135
236 177.41386488365242
