52 174.98040408707158
56 178.26641975543453
60 181.56944468793546
64 184.92855025715463
68 188.42529367300813
72 191.68093547041562
76 194.64074066643641
80 197.37412216956403
84 199.98593838064144
88 202.2749143685076
92 204.2574174301409
96 206.12180607733782
100 207.93652625107956
104 209.50999261574952
108 210.95513417408708
112 212.10186178313415
116 213.19575833112503
124 214.51606671341702
128 214.8972149951739
132 215.4167618607757
136 215.79761340613982
140 215.9162715674384
144 215.8974052760916
148 215.80765532227326
152 215.56894200312396
156 215.31997836738446
160 214.75568798435614
168 212.9943915555015
172 212.003478185048
176 210.7594603351458
180 209.37578440931364
184 207.8904551517884
188 206.20709591254396
192 204.27377465890615
196 202.1373306837333
200 199.73534934917458
204 197.24959838430533
208 194.82772170378155
212 192.2423037580925
216 189.5879968157787
220 186.88477003065702
224 184.0821508838847
228 181.3804066025076
232 178.09989197547594
236 176.41203816194684
