52 175.70412655622306
56 178.76509350475078
60 182.35632525317106
64 186.19581067505123
68 189.57437165987085
72 192.62634538940247
76 195.58330975243857
80 198.28478165044876
84 200.9464721409762
88 203.25756727431823
92 205.35575524977224
96 207.03080749000466
100 208.8339111326756
104 210.41267887026976
108 211.63122137996996
112 212.81140451286132
116 213.7765770068064
120 214.50911078883505
124 215.04015124103915
128 215.51801065475726
132 216.06932701366975
136 216.3814750445976
140 216.48878450554193
144 216.43507939530147
148 216.33548204376427
152 216.09389191491366
156 215.69310571149038
160 215.1842293643918
164 214.4226256928531
168 213.3886976023634
172 212.32684379008174
176 211.02117869441173
180 209.567939714797
184 208.006576325085
188 206.41085360560623
192 204.45449650681743
196 202.5024633882681
200 200.16880673459696
204 197.7635452849458
208 195.41699329601053
212 192.60675585640863
216 189.67142371617408
220 186.9398759516411
224 184.14030352261204
228 181.34899261241628
232 178.32546350946836
236 176.7618052500446
