52 176.21158695617964
56 178.65122595103645
60 181.79944166257752
64 185.33977793395675
68 188.76051477590977
72 191.9358402928077
76 195.0270420797601
80 197.76942489832805
84 200.20177213798198
88 202.40505201721075
92 204.5002156509561
96 206.37572930556382
100 208.03046404741627
104 209.58879920497174
108 210.94290829485914
112 212.29825645076258
116 213.1846893889138
120 214.25907022637153
124 214.98260565106224
128 215.3677391078768
132 215.70599656309346
136 216.0554443228135
140 216.2960927289015
144 216.16972891722034
148 216.1094508126135
152 215.92933538033168
156 215.56903575456792
160 214.9690986664909
164 214.24607700414475
168 213.33908507126628
172 212.3459127263897
176 211.16111751849144
180 209.6948217707206
184 208.12110307623476
188 206.38055433197215
192 204.58629395734397
196 202.71362076499153
200 200.28411851131443
204 197.83141306283093
208 195.42138532949417
212 192.84227741751494
216 190.0250820693127
220 187.1203520680687
224 184.27346693381767
228 181.45725926443316
232 178.4193651530229
236 177.02325247338086
