56 176.16110422697358
60 179.88730610568345
64 183.55794912019064
68 187.24581272672089
72 190.5358339041477
76 193.30792767099194
80 196.06244070514265
84 198.7000603336055
88 201.06049409547177
92 203.05578099633848
96 204.8975414208977
100 206.6374437925217
104 208.2443973712844
108 209.5321425084768
112 210.8245209213032
116 211.78956910563718
120 212.74536681022101
124 213.52941805053217
132 214.4363410170989
136 214.54420979262636
140 214.65644763940747
144 214.74039327032852
148 214.7102985544883
152 214.47523969398674
160 213.65313140215716
164 212.92205069206184
168 212.13047201385302
172 211.15615967362666
176 209.88653818311084
180 208.32426128939315
184 206.65644723419302
188 204.9314659438185
192 203.23214850690667
196 201.0661162788375
200 198.6770169358201
204 196.17614959424122
208 193.7610750009519
212 191.44735398759468
216 188.72604654775586
220 186.17630213247173
224 183.25052817740837
228 180.41878005305182
232 177.3399586710437
236 175.59794908741378
