56 178.22375702145808
60 181.658471782514
64 184.86045807807153
68 188.32666611638862
72 191.53458215511174
76 194.37746891694195
80 197.03392368789326
84 199.5698662584918
88 201.7471655011052
92 203.79207623995418
96 205.73589648133952
100 207.4858040678127
104 208.98733695360497
108 210.41188263559735
112 211.5720727306145
116 212.70464947470992
120 213.58695454175094
124 214.24288686351258
128 214.69943228178818
132 215.11022056469028
136 215.6738243099865
140 215.79975295535422
144 215.85131284849015
148 215.74532245866325
152 215.4966110468726
156 214.99538888191353
160 214.36733970653347
164 213.56702567043726
168 212.65440339004405
172 211.64624207342456
176 210.521730253135
180 209.26089008134565
184 207.83301283272039
188 206.17771711591018
192 204.29432244959855
196 202.24138760963572
200 199.82892490669823
204 197.3291484065998
208 194.68134219554122
212 192.1642717554635
216 189.591424372064
220 186.58919437233888
224 183.77906558834283
228 181.19881774148195
232 178.3016454945559
236 175.77036695970918
