56 176.2091353615526
60 179.43667667848933
64 183.1649150622784
68 186.68328617463192
72 189.77650019131565
76 192.69710753039593
80 195.69596850539506
84 198.42311550168978
88 200.69995159622664
92 202.7869551099157
96 204.70932647497878
100 206.49941099565822
104 208.18950234914297
108 209.3977216860447
112 210.66760271150125
116 211.59797477325876
120 212.52699733731515
124 213.2717738817451
128 213.73176225999734
136 214.32979174441942
140 214.4589378085131
144 214.59982666096016
148 214.6620445558292
152 214.5022812071028
160 213.5380630042754
164 212.8573249592876
168 212.1401148531828
172 211.1852723648517
180 208.58019581371883
184 207.04419924058686
188 205.21327516411097
192 203.34929858137008
196 201.36683833402637
200 199.295843327736
204 196.83059505605584
208 194.30286796463673
212 191.6790353981522
216 188.83668009243453
220 186.00919739882013
224 183.07374151836075
228 180.54148661134823
232 177.70325799112402
236 175.3104028133502
