56 175.8979108181211
60 179.3853280095527
64 183.15302599024346
68 186.66321109160384
72 189.71612096503907
76 192.5177555173837
80 195.33456855928233
84 198.04648128337183
88 200.5258087222533
92 202.53374491351929
96 204.5326596079111
100 206.3639135467963
104 207.86846703769822
108 209.3326521013009
112 210.57253174061185
116 211.5772736908935
120 212.38936943800093
124 213.08027927072948
128 213.58094149154448
136 214.34709635863675
140 214.50759675856563
144 214.530123100556
148 214.47483080488814
160 213.30531867894592
164 212.71186426719655
168 211.8811128283857
172 211.00539364969887
176 209.71758089732998
180 208.27271387008517
184 206.52200227591857
188 204.70751202298823
192 202.89304593170723
196 200.8931217161381
200 198.77995395953238
204 196.37962036991152
208 193.8578518532567
212 191.21289173133016
216 188.502342042392
220 185.81894143207523
224 182.89892707024865
228 180.20174447816305
232 177.3152144441366
236 174.39770483640382
