56 175.74018244000953
60 179.71548627868304
64 183.68030571241673
68 187.16262923286604
72 190.24495428961512
76 193.05017126727682
80 195.78639029158325
84 198.41848196868764
88 200.78909642888277
92 202.85770919451494
96 204.67163187801563
100 206.48510618550856
104 208.1022288271789
108 209.41141010421845
112 210.75663662919015
116 211.89432801216083
120 212.65807723222122
124 213.39038754823414
132 214.28917801695022
136 214.4659984023957
140 214.55210163073417
144 214.57393308508716
148 214.52400137739497
152 214.3002019127513
160 213.33009250999243
164 212.66863320186144
168 211.82820705698137
172 210.83689089119514
176 209.49741403313953
180 208.01629972435222
184 206.49595157195694
188 204.80241561622438
192 202.88238108616622
196 200.76854030028164
200 198.54491658351048
204 196.12475283965654
208 193.69264791573403
212 191.22244581519612
216 188.6404370670249
220 186.00501016805975
224 183.03924865745626
228 180.337496384508
232 177.30214023642174
236 175.2237301924622
