56 175.439984349849
60 179.25611642098846
64 182.97369819070656
68 186.24854376248916
72 189.47993329318587
76 192.4230267016967
80 195.44142316745013
84 198.1947091980806
88 200.60961623576358
92 202.52589326830693
96 204.51278032027935
100 206.19379000363358
104 207.79265966447005
108 209.0824156753552
112 210.50234153615094
116 211.4842982394835
120 212.34573923470472
124 212.93489107786272
128 213.5519612717436
136 214.37674493833404
140 214.48930108270173
144 214.63187852162184
148 214.5977881306227
152 214.3788226945741
160 213.56562461614297
164 212.87933580090024
168 211.9520304237985
172 210.95583522279077
176 209.66861360852414
180 208.2080300447192
184 206.51628119143578
188 204.91805120943957
192 203.24933562593256
196 201.20528987007245
200 198.80054858685318
204 196.51794172902092
208 194.27430009134417
212 191.67418338105307
216 188.8243021856194
220 185.8849793387408
224 182.75063968626256
228 180.17587063530576
232 177.5263518952737
236 174.35611098236973
