52 174.29364656577877
56 176.7219343118673
60 180.0412620344501
64 183.6871452537947
68 187.29073939071105
72 190.54594381920867
76 193.51677342912936
80 196.2990262760442
84 198.90098932637392
88 201.1305880266612
92 203.0056745971111
96 204.82901132544356
100 206.69121016697517
104 208.42922501067807
108 209.72614811291714
112 210.97281281843502
116 212.03346858494228
120 213.0312017830316
124 213.74188470814337
128 214.2215559528644
132 214.67546482442148
136 215.10041957135
140 215.39910144125565
144 215.3710062362316
148 215.1570607439977
152 214.7690327245705
156 214.43348477229023
164 213.2589333511246
168 212.31987007828155
172 211.3094087074719
176 210.20328615582503
180 208.98106447434174
184 207.425894355828
188 205.6431852128032
192 203.73065789061116
196 201.67787692893046
200 199.48979044926995
204 197.03784937347
208 194.48552234892443
212 191.9248856101023
216 189.12039713350327
220 186.36990997030074
224 183.73056914712612
228 181.12896176466919
232 178.30481250360975
236 176.06989498487644
