56 173.53503788749387
60 176.64841293956695
64 181.22446969084905
68 184.16428142854417
72 187.37831499714434
76 190.6635617593399
80 193.76524058621726
84 196.3835496315117
88 198.60037409540058
92 200.5909477617688
96 202.49049267802053
100 204.17941861364005
104 205.57470609896308
108 206.8544540344276
112 208.0382614321276
116 209.14598883880134
120 210.2530844158793
124 211.035065381173
128 211.54952573767807
132 212.02537121064054
136 212.45741515258982
140 212.64151684758977
144 212.75125999336746
148 212.72317729557136
152 212.2297754535793
156 211.81629518159647
160 211.17263513751607
164 210.40231944845246
168 209.5763344471222
172 208.61647912195008
176 207.4767859544486
180 206.0957013962426
184 204.43988279326595
188 202.69998593617794
192 200.83355543803265
196 198.85092869665445
200 196.762752612206
204 194.39677607390146
208 191.92831901770683
212 189.38003902340552
216 186.63853071360302
220 183.80704122547476
224 181.13952095563528
228 178.44387560580165
232 175.29740282853902
236 173.34287982326506
