56 176.0139959319339
60 179.26888158619929
64 182.80682249669042
68 186.2941840467716
72 189.61281981485814
76 192.64087663322732
80 195.43314030302193
84 198.11246645548516
88 200.58291686752509
92 202.6185375403728
96 204.5052321528692
100 206.1788092047393
104 207.7256038165341
108 208.95576155920108
112 210.27474668470126
116 211.25446675619256
120 212.18498843295822
124 212.91297085487946
128 213.48457649071457
136 214.2389195310978
140 214.52751172157667
144 214.5895069978299
148 214.40360790975586
152 214.18440781781104
156 213.76038050246066
160 213.21488855410175
164 212.49132759003743
168 211.60004028141037
172 210.51974123663592
176 209.2504651044759
180 207.89194922214728
184 206.25911302955964
188 204.64371088483418
192 202.8825239504671
196 200.8547322431764
200 198.60602116302096
204 196.13886424385652
208 193.6898176054229
212 191.1868970589204
216 188.50908362790744
220 185.91474553350963
224 182.71233055283705
228 180.12189176122328
232 177.22495212409288
236 174.87234508908895
