56 175.97764226937733
60 179.37777003994262
64 183.0630539763186
68 186.45623825538712
72 189.7383891293122
76 192.59188469339165
80 195.3996156903067
84 198.15247895812115
88 200.58164457863066
92 202.549550551818
96 204.3568967079913
100 206.1074754222296
104 207.71643028098393
108 209.11132719834114
112 210.320427001001
116 211.3325829763488
120 212.21143424117693
124 212.9465612590363
128 213.59558205136585
136 214.3488031259584
140 214.52479064297387
144 214.56119785567824
148 214.49519194029682
152 214.21036756240838
156 213.72487333302968
160 213.21571395422148
164 212.55411730916657
168 211.7627040035606
172 210.81711713311483
176 209.47240506022013
180 207.99325510279004
184 206.34665042043744
188 204.6489736333135
192 202.85884604136618
196 200.81230821408298
200 198.60082995482566
204 196.1365544389331
208 193.68562295464233
212 191.2057411673233
216 188.3380652622938
220 185.54707790676298
224 182.75864983898123
228 180.22995611184257
232 177.44474121170325
236 174.96945622186638
