56 175.98331910481613
60 179.53309676991987
64 182.93980005612502
68 186.64134082110073
72 189.7335620158315
76 192.4073730534065
80 195.15466739888265
84 198.05962200481187
88 200.5061699894112
92 202.513718824249
96 204.38907398235204
100 206.1524625840548
104 207.79220647913976
108 209.04144260406457
112 210.2835113177394
116 211.27023258027526
120 212.1688867835309
124 212.85688900166306
128 213.47915050987731
136 214.1900756012124
140 214.4604026803823
144 214.522761998547
148 214.36205877643206
156 213.55136917461803
160 212.8593404946824
164 212.11593461368585
168 211.2324373642737
172 210.26348838644626
176 209.0481286707423
180 207.71889443586798
184 206.1274924472384
188 204.4693098726657
192 202.7185921228114
196 200.65416555046792
200 198.4335518864949
204 196.04140686584796
208 193.6453866784923
212 191.1113210480376
216 188.44437355802108
220 185.74642162714792
224 182.97568141475907
228 180.30996069678375
232 177.0970065528128
236 174.3723700722196
