56 172.14316333334904
60 176.64023423290413
64 181.37921904394324
68 184.85147463479217
72 188.29292169710936
76 191.58763067903683
80 194.33542930596582
84 196.74361617181717
88 198.94014741226496
92 200.79862062370748
96 202.66412416884995
100 204.43854193666192
104 206.15171435299072
108 207.43238264541304
112 208.63534861147923
116 209.6008449237333
120 210.54710529614806
124 211.23056836964628
128 211.77742243051594
132 212.13153339679013
136 212.50972184446863
140 212.717745677015
144 212.8656490072119
148 212.79322452021245
152 212.48062930637946
156 212.10019576025323
160 211.4773687622914
164 210.81945405821676
168 209.80441823170557
172 208.6827478150727
176 207.53992190249934
180 206.22836119471074
184 204.70009132295579
188 203.0676158727866
192 201.24077615738463
196 199.31669324253895
200 197.2419413341514
204 194.56257360230995
208 191.99483771519033
212 189.15219942855714
216 186.5248079479992
220 183.83605451211736
224 181.13722402825164
228 178.1985150028575
232 175.2245118585833
