56 175.21124051850924
60 178.83197494539746
64 182.33799263002516
68 185.69733132755795
72 188.99959641067494
76 191.9208126814953
80 195.04442219347914
84 198.05158788408195
88 200.52854869171554
92 202.5103156947895
96 204.2385073751941
100 205.8559789451113
104 207.3931908887575
108 208.8017672438436
112 210.12792018461528
116 211.05834391085642
120 212.01826391240846
124 212.63232136072367
128 213.24040277781074
132 213.64610786684858
152 213.74660468921115
156 213.39864279642626
160 212.7609656814592
164 212.13908722088217
168 211.17933323244608
172 210.07147772659457
176 208.8553175239949
180 207.3961847620951
184 205.89811860542213
188 204.33323623764267
192 202.6301590273943
196 200.4197327314364
200 198.13721987882184
204 195.68847763010112
208 193.0838708889465
212 190.46796579914394
216 187.69789567015886
220 184.9376879733808
224 182.0619912086487
228 179.1935343927971
232 176.58803010433058
236 174.20194296553927
