56 175.51591040424313
60 178.66899689344413
64 182.30289952455297
68 185.77257661754027
72 188.900751482913
76 191.72389305548938
80 194.4508164714871
84 197.0757383025997
88 199.52465468317675
92 201.71713834796913
96 203.57913839192827
100 205.19994835930424
104 206.64049687331752
108 207.89215211358012
112 209.11411991163385
116 210.36468580006243
120 211.3761385910622
124 212.10128588765323
128 212.63596893062262
132 213.0744861246225
136 213.48712217643316
148 213.65146003172526
152 213.26546218631432
156 212.94300259274016
160 212.33701458477378
164 211.60895433832417
168 210.70566489989903
172 209.58581126958026
176 208.41656607620192
180 207.11622660867903
184 205.53952554152207
188 203.79325065223873
192 201.81533338302208
196 199.69654020079452
200 197.4470323312466
204 195.0901142159823
208 192.55084438520504
212 189.86685615247654
216 187.23785951376954
220 184.39964498685097
224 181.5679656963767
228 178.79892047084218
232 176.04150641970304
236 173.60009658920046
