56 174.80017924379172
60 177.92693274582103
64 181.66738511130904
68 185.12114761769158
72 188.3454501222427
76 191.3823859327839
80 194.21400393259307
84 196.81788106724773
88 199.18984504766388
92 201.25811340415643
96 203.11036458424385
100 204.77836041854596
104 206.4096915279591
108 207.75611858773163
112 209.0364485688918
116 210.11859263550318
120 210.94349198259124
124 211.55878818374282
128 212.31424575222127
132 212.7130981584741
136 213.02365310032613
140 213.19571899191718
144 213.34791651576984
148 213.21913834280755
152 212.95993278767762
156 212.71243855510585
160 211.9462288510723
164 211.37601413858627
168 210.52695370826592
172 209.50346518174865
176 208.20979374934373
180 206.777932184003
184 205.08363905867057
188 203.42201498053748
192 201.66175695129854
196 199.5817236442465
200 197.3411602236232
204 194.92723183397953
208 192.54048472555087
212 189.99436481791906
216 187.1869574487308
220 184.40449018808363
224 181.43354825460187
228 178.6868656889136
232 175.97821609632382
236 173.33843892406023
