56 174.80524760385816
60 179.80279028974394
64 182.94887776577892
68 186.27729674582167
72 189.597349967895
76 192.47807549593742
80 195.09854618014612
84 197.5671383568301
88 200.207321265021
92 202.36684180682994
96 204.20101904104598
100 205.64474163226444
104 207.01374371373672
108 208.21720744204978
112 209.53478179212337
116 210.65199305250064
120 211.69670443763954
124 212.49164197064113
128 213.05708230938026
132 213.47982309868726
136 213.7562095584378
152 213.78660967986195
156 213.49937649790678
160 212.82803496895824
164 212.0460455331844
168 211.04782885958608
172 209.759436901252
176 208.54193667231132
180 207.1866351614695
184 205.58387703888374
188 203.89780031727827
192 202.06522139517176
196 199.88364682085114
200 197.5736605986793
204 195.08501495927797
208 192.62786892595105
212 190.09472536515665
216 187.16204747360368
220 184.34473320888972
224 181.57527691416007
228 178.9796534465371
232 176.37965064668086
236 173.55789894592527
