56 175.0488135031021
60 178.7908992738641
64 182.41639758704753
68 185.75651835014065
72 188.5395844606944
76 191.26627202699484
80 193.97720872898944
84 196.5271906509085
88 198.97681194071103
92 201.23381483417478
96 203.2901654315004
100 205.06912341564183
104 206.68639589556977
108 207.94022067982604
112 209.09458827283044
116 210.16376178000365
120 211.04953305822397
124 211.81609088804134
128 212.4665315005925
132 212.81254492599913
136 213.14420076867142
140 213.4435392031229
144 213.5640453504658
148 213.3799529300691
152 212.99064850573603
156 212.586277534266
160 212.03908879163748
164 211.4491588822124
168 210.45551266507994
172 209.32593379797083
176 208.2044197066328
180 206.92699695648182
184 205.43403094299308
188 203.72287217213702
192 201.92300469867754
196 199.87639381951064
200 197.71567096693587
204 195.39650026036895
208 193.00129431121678
212 190.3229981823146
216 187.53463269450134
220 184.73776583879396
224 181.85967807106357
228 178.91468036271786
232 175.8584959045083
