56 173.79210836914612
60 178.33741868610224
64 182.1916236048164
68 185.4783329694558
72 188.6194132265794
76 191.53336343948922
80 194.3400200812306
84 197.05479699172417
88 199.43878663525163
92 201.46605586491762
96 203.29158424357996
100 204.96756976675343
104 206.43398817877022
108 207.83558756650257
112 209.08526297306292
116 210.28520983244567
120 211.1544604617612
124 211.73958343919918
128 212.30058709268582
132 212.7922444430881
136 213.13291979177274
140 213.42731321412546
144 213.5660936194152
148 213.36409328154815
152 213.02497912228574
156 212.65381043655154
160 211.97428581521308
164 211.26350998447452
168 210.45239334095936
172 209.46825746489372
176 208.29038951084058
180 206.8159622078974
184 205.15427930326746
188 203.4108094260084
192 201.5050996605468
196 199.37196050288813
200 197.16240583136312
204 194.65316805311573
208 192.03024677376072
212 189.29224524745587
216 186.81239363640697
220 184.04482302281622
224 181.22181668940033
228 178.58902757377638
232 176.01006465687817
236 173.38609516559646
