56 175.75282089898326
60 180.0440524806085
64 183.43424560584822
68 186.7377474283059
72 189.847595866478
76 192.60172311034947
80 195.3361230856372
84 198.0491294238166
88 200.48456699809404
92 202.54583674810573
96 204.40674290750943
100 206.02057672016173
104 207.54203299842163
108 208.89840457786886
112 210.19832534001938
116 211.2146921493215
120 212.04877574604689
124 212.68285377844072
128 213.15638643991585
132 213.6686368350571
140 214.37385712449304
144 214.46786044356236
148 214.35986494565898
156 213.59811388855817
160 213.0166587630068
164 212.25344504121182
168 211.27078232347714
172 210.21122412186125
176 208.9738581274216
180 207.72662670484706
184 206.1550520602134
188 204.3649789109926
192 202.42006815882547
196 200.33106444469814
200 198.199435071914
204 196.02133888141904
208 193.43921338671646
212 190.70946929941124
216 187.85308164322691
220 185.06870390302845
224 182.02834214718047
228 179.50582609223136
232 176.739234816525
236 173.9654721263583
