56 174.9459029080837
60 179.53585683327702
64 183.14978015995268
68 186.48381496190478
72 189.7833452178603
76 192.7313931539209
80 195.50058699614837
84 198.14908764614947
88 200.4727337344279
92 202.55426013305774
96 204.46692017229142
100 206.21438398989983
104 207.8261547399972
108 209.00495993979382
112 210.24712722208415
116 211.2929569471336
120 212.1744441957035
124 212.87349917172804
128 213.49236888874367
136 214.41171371448849
140 214.541517865232
144 214.52804759939974
148 214.4036325307102
156 213.67711118748065
160 213.14614440887658
164 212.48431782788327
168 211.50784426744212
172 210.32649923523164
176 209.01199051850625
180 207.7043930129025
184 206.2037917773591
188 204.41792206226208
192 202.5297424993321
196 200.35797222622065
200 198.0461542853116
204 195.86091910678738
208 193.48222538499672
212 190.644058812016
216 188.001625332282
220 185.43311972165685
224 182.56104899318774
228 179.7989821560688
232 176.82156999302128
236 174.06112203315314
