52 174.3040420373246
56 175.37611614985286
60 178.78835072210398
64 182.03142977790296
68 185.69962998885552
72 188.9797999987749
76 191.95861920484685
80 194.83940359809296
84 197.2724416235161
88 199.6299602097194
92 201.79202515772562
96 203.73750945293003
100 205.46285553209844
104 206.9370509583976
108 208.00676754388547
112 209.16178981686454
116 210.30593135436092
120 211.26404209674223
124 211.97643478511043
128 212.55658727037704
132 212.8992695431861
136 213.32457170531333
140 213.63996314369803
144 213.75583657111406
148 213.52161154914486
152 213.10993189817464
156 212.57453123057263
160 211.8426951919276
164 211.17586609383602
168 210.34436968033825
172 209.31843024493713
176 208.2926145151621
180 207.14608653675188
184 205.70898715671274
188 204.00073984734652
192 202.09634504627653
196 199.80562595329275
200 197.55445573658363
204 195.26704464550198
208 192.7442536767661
212 190.15306716390234
216 187.40594314271942
220 184.8224861032321
224 182.24863059507723
228 179.4191715559271
232 176.1752986788781
236 173.73529452607244
