56 176.89018053874807
60 179.55030708441168
64 182.70012572529578
68 185.85760845291531
72 188.9031524866246
76 191.68209739681024
80 194.36766195204603
84 196.99669472719808
88 199.33117191966812
92 201.3781409631654
96 203.12384602323723
100 204.99629034935273
104 206.68433580427117
108 207.97523599007613
112 209.12030766299134
116 210.15653144885
120 211.05849208391413
124 211.7548214863201
128 212.49422138881954
132 212.9535572142099
136 213.40148340487696
140 213.75877408366557
148 213.55976110331267
152 213.20701973478216
156 212.81261784682272
160 212.3403399081444
164 211.84688728507078
168 210.95918605055783
172 209.63881721384803
176 208.40477434505215
180 207.05132707279645
184 205.40938649039174
188 203.58994677919986
192 201.70403884910687
196 199.56465763527683
200 197.31626396679994
204 195.02273767346355
208 192.48605814417897
212 189.78602902621864
216 187.05749700226954
220 184.31019508350465
224 181.64340278443657
228 178.859100337202
232 176.17315558773203
236 173.7203495915588
