56 175.5218147226478
60 179.87260150690176
64 183.2448474407589
68 186.75163523007967
72 189.9600517019419
76 192.77615157225455
80 195.41853573307014
84 198.03077511132645
88 200.43002861868848
92 202.47040582400535
96 204.37766391694163
100 206.20485556597453
104 207.7425979035547
108 208.9940391119015
112 210.19742419189177
116 211.26294686942407
120 212.1379627731205
124 212.9969020452875
128 213.51879729742808
136 214.26152861222104
140 214.49635207292502
144 214.59705812433663
148 214.38458650688864
156 213.57313500348718
160 213.00189595193243
164 212.3453073521221
168 211.31245080738526
172 210.18657627612612
176 208.9463223388183
180 207.61008857373315
188 204.29939139806547
192 202.40471675330517
196 200.27242104711289
200 197.9877570084983
204 195.90069208693788
208 193.4809472640689
212 190.73844155799435
216 187.94371456096283
220 185.17339625180392
224 182.1626566065784
228 179.30392187902692
232 176.608052604785
236 174.02411216221986
