56 176.6558130117549
60 180.7000625438302
64 183.90020540068883
68 187.3332156384206
72 190.33253690014072
76 193.22113264207056
80 196.0603741365547
84 198.5604917019229
88 200.84255157933654
92 202.7902605660125
96 204.75721491965442
100 206.4289770429521
104 208.125949186038
108 209.56438510315536
112 210.69426584984416
116 211.6127907818922
120 212.49323276397294
124 213.30709327167125
132 214.2763258460685
136 214.3618410096984
140 214.4704515734025
144 214.55224027088448
148 214.5018570828942
152 214.227211388942
160 213.5813946085658
164 212.81163894388408
168 211.81625219702366
172 210.69120780832387
176 209.34630762777826
180 207.96845435961185
184 206.27977279764366
188 204.6098970174088
192 202.9489740412897
196 201.00993155955
200 198.716630104849
204 196.11227678668814
208 193.57473943190507
212 190.89521333806974
216 188.10836569551543
220 185.3852366846344
224 182.42889582243475
228 179.5650217360968
232 176.7597234302783
236 173.96143854021773
