56 175.30710880348332
60 179.043406094437
64 182.48307475562135
68 186.29429422598264
72 189.57893901907954
76 192.4075739488991
80 194.98672920380767
84 197.55472811041756
88 199.98106475852936
92 202.13155917686646
96 204.15606825368343
104 207.72107344201754
108 209.00894489905025
112 210.26670328160628
116 211.22144377884123
120 212.09493870941975
124 212.7403021963265
128 213.251118161845
132 213.63213340984882
140 214.3516641917618
144 214.4046093252769
148 214.2396029958944
156 213.62518882119218
160 213.12385805988436
164 212.36727962262802
168 211.27193098714383
172 210.14616413063183
176 208.8700545067278
180 207.49443352308163
188 204.49542006019735
192 202.86535421419177
196 200.73897312942708
200 198.2339215932425
204 195.7765513159161
208 193.23884774493564
212 190.64437856965162
216 187.94806714828457
220 185.2903811113807
224 182.316712685837
228 179.5770381108179
232 176.78299600644613
236 174.39242157167985
