56 173.93475758467457
60 178.20772320445428
64 182.3893099994081
68 185.65840098890845
72 188.70572937482592
76 191.66277166327427
80 194.5594280089975
84 197.1344285251434
88 199.42189181833402
92 201.44026723172766
96 203.2105231361882
100 204.96759877709883
104 206.66046587155503
108 208.12256194320292
112 209.43208159284438
116 210.48841386667402
120 211.21231389862123
124 211.93483237682727
128 212.48998911767586
132 212.87608149670638
136 213.20406684812252
140 213.50187735137592
144 213.71789920829107
148 213.51239131479832
152 213.23950106425917
156 212.79888212251856
160 212.1289835149205
164 211.38018152829227
168 210.51655960685196
172 209.5214328378019
176 208.30512351007118
180 206.8970458654547
184 205.30824895122345
188 203.61095972964802
192 201.66188291617516
196 199.57385962440088
200 197.43756920870146
204 194.99633026100537
208 192.5250123962413
212 189.86721336258108
216 187.04305483720606
220 184.11564293744766
224 181.41303578361953
228 178.83143468347492
232 176.24664757153744
236 173.47189416056608
