56 175.85217794873557
60 179.66827727862875
64 183.25928868153318
68 186.8550972216335
72 189.97054616346048
76 192.8125863635944
80 195.44110061287313
84 198.11976388503126
88 200.54656475749235
92 202.64248539303222
96 204.5152419053718
100 206.303004489486
104 207.85486407717426
108 209.06468152812096
112 210.24887349114252
116 211.2098470305386
120 212.27827363240417
124 213.15673078238274
128 213.82537223008086
132 214.19699515234302
136 214.35817610239357
140 214.42445756288876
144 214.52888477059386
148 214.45505190733988
152 214.23925466241712
156 213.88175682468793
160 213.21627929228225
164 212.5855554986908
168 211.75217175133102
172 210.63225054775452
176 209.27305890927994
180 207.9944287280506
184 206.41176118750155
188 204.72391744703236
192 202.98294867300362
196 200.80944220565837
200 198.50754109721422
204 196.32202871718522
208 193.9635388785102
212 191.33829477645747
216 188.4211920999919
220 185.64692660438376
224 182.61040232520034
228 179.73180096057888
232 177.00289412820237
236 174.46378559602937
