56 176.09741846493893
60 179.76345622865696
64 183.30281769450664
68 186.53827017402924
72 189.64913694531083
76 192.55256543053738
80 195.31854398064536
84 198.10879873900637
88 200.48870615993894
92 202.49306446558273
96 204.48890308916305
100 206.25271341407506
104 207.79751129950904
108 208.9749262785242
112 210.11932164887975
116 211.1752302053227
120 212.19087512880827
124 213.01589613529606
128 213.54544347877743
136 214.34248405647074
140 214.54145909740674
144 214.44268094036266
148 214.22672680345931
156 213.49516680238702
160 212.93399525203378
164 212.30603901415662
168 211.39484939887657
172 210.55369316990948
176 209.1546086835003
180 207.78994935921352
184 206.2600832589883
188 204.4789878177627
192 202.67785565855337
196 200.51286612702887
200 198.19464188821377
204 195.92938574244516
208 193.35015054195236
212 190.7198533165689
216 187.9883095186536
220 185.27435998577545
224 182.04581525280508
228 179.19182179663045
232 176.54487930407944
236 174.02395771301335
