56 174.9905383238957
60 178.93735077243718
64 182.54714825540964
68 186.09936845646234
72 189.26170493033828
76 192.05807265420972
80 195.0311686335213
84 197.97356656905038
88 200.45519419104085
92 202.38343118530796
96 204.21536520001473
100 206.01676663454276
104 207.69177865454841
108 208.88009753595017
112 210.173762487796
116 211.11266288234873
120 211.979027362297
124 212.62780727186697
128 213.15981769265454
132 213.5173497320514
136 213.82618704234108
148 213.84967966639243
152 213.70728077130872
156 213.27543288933924
160 212.679302614664
164 211.85876688695924
168 210.85121720995204
172 209.77975127940365
176 208.69833161842766
180 207.4418212291929
184 205.85326078957107
188 204.1090102127347
192 202.28343071046393
196 200.0231131746156
200 197.78447269521968
204 195.53173078552925
208 193.22185749253416
212 190.7328841409598
216 187.91264066903716
220 185.0186298510041
224 182.18690250360288
228 179.27672880392961
232 176.56935301645655
236 174.08103847601137
