56 174.27850326637815
60 178.51601463501868
64 182.20529014802963
68 185.70967790527675
72 188.99725944831863
76 191.88574658720836
80 194.62834850316108
84 197.17937879494858
88 199.61593599303512
92 201.66060442299505
96 203.43644574640047
100 205.1338982991513
104 206.84457741418257
108 208.4125412004853
112 209.60715648060398
116 210.47247147505865
120 211.28470628598325
124 212.03283589168092
128 212.74535868754998
132 213.20500761732808
136 213.59645596485254
140 213.83923348167218
144 213.79460594352517
148 213.6167876876012
152 213.31327060651068
156 212.74239056403948
160 211.98317061701954
164 211.21509917801274
168 210.51314782359282
172 209.4924617567562
176 208.42522147282207
180 207.15220437673725
184 205.42666592211606
188 203.54334389397673
192 201.67093352403097
196 199.71853934605468
200 197.49739631303322
204 195.16950935490107
208 192.58489151751965
212 190.02181737302107
216 187.3000247375175
220 184.31299552600856
224 181.58580627525697
228 178.98151255765686
232 176.4150754613331
236 173.57826698456202
