56 175.38974431753843
60 178.62298789324444
64 182.46120664557492
68 185.71638850964888
72 188.62254913398897
76 191.40216336777587
80 194.28606453958207
84 196.98076635044816
88 199.56235550042774
92 201.83329859808953
96 203.57423743545857
100 205.11081885278816
104 206.60763581206373
108 208.03710352366733
112 209.40131469442966
116 210.41508228192416
120 211.3741038633236
124 212.04965522023275
128 212.59844372410464
132 213.05806684291562
136 213.40364037174973
140 213.72585882391326
144 213.66120056647577
148 213.4109970759515
152 212.99917045231564
156 212.6174391337091
160 212.11188981505086
164 211.5401477471446
168 210.56981630716479
172 209.4688567341854
176 208.18165094297711
180 206.77652048042305
184 205.12153882894034
188 203.4231748147076
192 201.59881931785483
196 199.67517861350683
200 197.45547953885412
204 195.051900887139
208 192.38931616116875
212 189.77109878153345
216 187.07618461336185
220 184.1316590123081
224 181.33277079327127
228 178.67281887855347
232 176.0325186334668
236 173.52780515590817
