56 174.52940731989088
60 178.43322678480166
64 182.06024100364246
68 185.69663963814185
72 188.96615326920528
76 192.1980206135476
80 195.00001358204682
84 197.64724299681825
88 200.0182721549158
92 202.05246432544038
96 203.83349097864865
100 205.5018743570081
104 207.04576783859414
108 208.3798313185982
112 209.4388286748548
116 210.59288104270684
120 211.58470125355234
124 212.41710738527917
128 213.1382304487026
132 213.5305389131937
136 213.8106621567025
148 213.80082050442414
152 213.55653090694108
156 213.14078581716024
160 212.65745996758903
164 211.84049984626554
168 210.91645743128296
172 209.80885710861594
176 208.57342720892225
180 207.14298271905437
184 205.59773759953606
188 203.92437461625963
192 202.09667127877685
196 199.9484113579119
200 197.5631643948725
204 195.20754063113242
208 192.9003352509698
212 190.4848229381077
216 187.66778632378924
220 184.6412198221463
224 181.80697908284986
228 179.0598742354103
232 176.3750895948832
236 173.82150285212782
