52 173.67328321945558
56 175.70842564800716
60 179.77309624060285
64 183.3679475801344
68 187.08321798555986
72 190.16706441941344
76 192.8920393713424
80 195.55922932084917
84 198.21187982923416
88 200.53596912903672
92 202.56215297645898
96 204.43327926823127
100 206.22895597933123
104 207.84540535986014
108 209.26031276921577
112 210.5492436820472
116 211.50030977903577
120 212.32089506473997
124 213.01175736235174
128 213.62706882560877
136 214.2712881609724
140 214.4739801486305
144 214.4908826862374
148 214.30286497895023
156 213.5283965554964
160 212.9581184797839
164 212.2562183830263
168 211.40537951789014
172 210.3611400094005
176 209.07048339251278
180 207.64566451876001
184 205.81870472544222
188 204.0543012740326
192 202.15597042169566
196 200.07382930581838
200 197.71094433988642
204 195.3120975613137
208 192.72212830775237
212 190.11525039059546
216 187.37244364222823
220 184.67925094923245
224 182.05381975345995
228 179.16309263162194
232 176.4006730161348
236 173.97344181614056
