56 175.34064557985516
60 178.7809050703724
64 182.27094157696834
68 186.06792367240303
72 189.46020956607663
76 192.41026545979872
80 195.07250512687418
84 197.68222554144884
88 200.18946147272032
92 202.22008879002522
96 204.06192999182284
100 205.7860628137757
104 207.42654486437786
108 208.69949875826043
112 209.8477045949605
116 210.85887339696865
120 211.70616759687687
124 212.31326972215047
128 212.93074917622073
132 213.42481830958985
136 213.73740208305753
152 213.69171209149434
156 213.23923873556768
160 212.60830055358275
164 211.74122733084974
168 210.8959454536082
176 208.87457167342654
180 207.37905192101866
184 205.7184555168896
188 204.1518437014324
192 202.37969398344313
196 200.15868722827378
200 198.0026355422412
204 195.79009385776078
208 193.34909505745313
212 190.69311692544923
216 187.98371765833988
220 185.22486833954116
224 182.32863879368227
228 179.44946768084498
232 176.64398013694625
236 174.17838819914556
