56 176.1689085627898
60 179.654469103445
64 182.9576154191364
68 186.12907491708754
72 189.37942290614887
76 192.3531448040724
80 195.2857950250306
84 198.05713485548807
88 200.34369331032664
92 202.33701363060933
96 204.13732801180447
100 205.89743202417492
104 207.49996797028433
108 208.82983366905222
112 210.1435852731558
116 211.1963492939044
120 212.06628823961614
124 212.70940052984974
128 213.26414121555476
132 213.63789860675547
152 213.77433805594023
156 213.49401554061836
160 212.81818166345687
164 211.96684882112706
168 210.97036775370074
176 208.7886449252535
180 207.45541821175823
184 205.97020449574887
188 204.17865957094762
192 202.32305822714073
196 200.1938369542703
200 198.00932689109476
204 195.77494386356992
208 193.30073953706622
212 190.5621783855379
216 187.72816994842358
220 184.89870546005744
224 182.2501498512049
228 179.41951462073854
232 176.72907637095034
236 173.88322474223918
