52 174.90525273442228
56 176.4786732214303
60 179.2068729706856
64 182.47073425615253
68 186.26028128168795
72 189.65914426553866
76 192.5084088580441
80 195.2288056237386
84 197.71968110569915
88 200.03749098297905
92 202.16328688920566
96 204.10238424350632
100 205.93960026993733
104 207.56536449491435
108 208.76394758657608
116 210.96618646269098
120 211.85260785375363
124 212.50528113334786
128 213.11000517683593
132 213.5501569221903
136 213.84305821879764
152 213.78408574398733
156 213.45679074692453
160 212.8018534161328
164 211.91334672267263
168 210.87089552367752
172 209.82189191110243
176 208.72796616156947
180 207.42987972892692
184 205.9222716629415
188 204.29211753987857
192 202.48580088747465
196 200.25836561771527
200 198.0603048058312
204 195.72764534626268
208 193.3592336258733
212 190.88907752603313
216 188.14533406084684
220 185.12855908939434
224 182.15980923644685
228 179.59193432092343
232 176.76595547272433
236 174.30540339375472
