52 174.5930256690148
56 176.42983484582902
60 179.31878863890316
64 182.62602097040204
68 186.19137351306654
72 189.38601287155592
76 192.23340030001992
80 194.88382601483153
84 197.78382469097778
88 200.251411261009
92 202.28640636413948
96 204.17831607633667
100 205.8488679966981
104 207.3723034405742
108 208.6319415663575
112 209.73193634780037
116 210.90043750955937
120 211.78160488294318
124 212.45646332732485
128 213.0603906653821
132 213.52701966607822
136 213.85265277627832
152 213.80194932719547
156 213.33484311986314
160 212.6412806973219
164 211.8085294939866
168 210.83865023676117
172 209.86367293927637
176 208.69908342116526
180 207.2384780916018
184 205.6619606719709
188 203.97019575294283
192 202.1187222572913
196 199.94427569243996
200 197.73744064864113
204 195.54790269763168
208 193.16189181292543
212 190.57685282386583
216 187.8170184058515
220 185.0558546903197
224 182.1445016895027
228 179.22474582041173
232 176.58763285806455
236 174.24940650171135
