56 175.68760367541967
60 179.6814311313368
64 183.12304786767407
68 186.8124296099984
72 189.94099477793577
76 192.72549107033944
80 195.56028767094995
84 198.19078500736288
88 200.47147772816496
92 202.4787596612776
96 204.41460978465122
100 206.1742453276114
104 207.6284884796623
108 208.99331050188349
112 210.3171344344838
116 211.40933133372135
120 212.27940440538714
124 212.83970090184252
128 213.45277893102022
132 213.86456524190802
136 214.27808434952718
140 214.4963491148745
144 214.5171186692573
148 214.29750608209392
156 213.58129929346654
160 212.9402905747344
164 212.21383379102036
168 211.28881776575776
172 210.28909463011078
176 209.11309680992233
180 207.83809503058313
184 206.19829132795567
188 204.44110000663306
192 202.53215700135922
196 200.31661286834213
200 198.0104575985091
204 195.82280496933288
208 193.54741161859278
212 191.19194946321187
216 188.40559738037592
220 185.41221069211366
224 182.1742956647363
228 179.21967022845973
232 176.63922971917947
236 174.0925701654332
