56 177.1732825791533
60 180.63321492005795
64 183.76927497439695
68 187.2852958693608
72 190.28810253839396
76 193.17843335456413
80 196.02184477898146
84 198.5307470246304
88 200.8044474843303
92 202.8124105943089
96 204.74999075717935
100 206.51979216451042
104 208.25332891730798
108 209.56982493380968
112 210.76974697319338
116 211.65984094743624
120 212.4810233031635
124 213.34019455954677
132 214.2845759224559
136 214.25422899570884
140 214.33217803569931
144 214.41437356386757
148 214.4667915287485
152 214.28216911198436
160 213.39481792290636
164 212.69224839262162
168 211.83613466061934
172 210.74145921818484
176 209.21527266683427
180 207.7318823290821
184 206.2226169851356
188 204.69936415517975
192 203.12475896574725
196 200.77512688500752
200 198.28419435067855
204 195.74687222355516
208 193.1917654978613
212 190.7870899282321
216 188.28348076256452
220 185.73263301790143
224 182.76334975486435
228 179.84658872761
232 176.9272806608161
236 174.4361375644218
