56 175.66801419108222
60 179.23817114329603
64 182.70078603131242
68 186.23870005407503
72 189.48369686800143
76 192.44705042726955
80 195.35777455552804
84 198.06006342147506
88 200.40354373757873
92 202.45402080097426
96 204.38464664449518
100 206.18714878178034
104 207.79204303692205
108 208.9211690751766
116 211.03119966762048
120 212.03511152161633
124 212.83412593736102
128 213.3796539786717
132 213.82935895137285
136 214.20270265262036
140 214.42499663082998
144 214.39091567488651
156 213.58433754752224
160 212.97895526049035
164 212.18674329255106
168 211.24614375775397
172 210.2087136118972
176 209.0005451292157
180 207.59414082979384
184 205.94197471770855
188 204.2903752691992
192 202.4992155446187
196 200.46506877943946
200 198.1740077639193
204 195.72492827958934
208 193.22438129953977
212 190.52384207256813
216 187.80606251561304
220 184.9594996484272
224 182.15039315425113
228 179.4455512688428
232 176.71323282114707
236 174.30536613447222
