56 175.08186287038524
60 178.7253249890473
64 182.53399866091257
68 186.19619385763002
72 189.39552321175773
76 192.2708581542193
80 195.0618960280851
84 197.6766591101539
88 200.13233626937193
92 202.23136773273094
96 204.18605706447266
100 206.06070316229747
104 207.636601429779
108 208.81186108739746
112 209.7897892009144
116 210.75440811901956
120 211.74686647759992
124 212.61862310193717
128 213.26167595616738
132 213.69633993595562
152 213.89362854654195
156 213.57259460433454
160 212.98714679569053
164 212.19713007715436
168 211.23047854802147
172 210.26644937394263
176 209.04014918884852
180 207.7521228849211
184 206.17870581490305
188 204.53422086643215
192 202.72134735056733
196 200.5060133961686
200 198.28673508323226
204 196.00538950971693
208 193.74338676280263
212 191.34243759190065
216 188.48956397985063
220 185.65808451795544
224 182.68641744396558
228 179.885217112318
232 176.9887299055548
236 174.26989450710713
