56 176.04313778992753
60 179.79951674559794
64 183.3643823410099
68 186.68173296579926
72 189.81683185224455
76 192.68535259136144
80 195.48065349483923
84 198.14083498281397
88 200.4149053828985
92 202.4693872271427
96 204.38916380151844
100 206.20195448902604
104 207.72005878661804
108 208.9292926599307
112 210.15263847406828
116 211.2281844487997
120 212.15253544713153
124 212.9646088610608
128 213.50506779402616
136 214.33769382569272
140 214.51061636888755
144 214.50182760880938
148 214.2660043245875
156 213.58434147486912
160 213.16119816268866
164 212.47846100708162
168 211.48205894269668
172 210.31990694666175
176 208.96424815915773
180 207.64049424634717
188 204.42217154486778
192 202.69116152640788
196 200.5655595964001
200 198.26677621589351
204 195.93167215913314
208 193.55907471196065
212 190.97033268557206
216 188.25419262152195
220 185.49139371278653
224 182.51359650739278
228 179.5375326170216
232 176.82944234665416
236 174.16031609859283
