52 173.20726557853544
56 175.73406512004556
60 179.27627862995138
64 182.95944725736538
68 186.61854585834857
72 189.90541336763576
76 192.7686218274825
80 195.49988328679214
84 197.99210932076736
88 200.2893547328597
92 202.28674288807701
96 204.34626573192037
100 206.21667056523194
104 207.81837633652628
108 209.14658550275146
112 210.49771306271936
116 211.47645555108463
120 212.3076636564527
124 212.99484834015558
128 213.49159612291805
136 214.31822535737905
140 214.5427319463178
144 214.61153058597722
148 214.3511151770693
156 213.77283697940794
160 213.39771653184184
164 212.64914542155515
168 211.621634143282
172 210.58918298722057
176 209.31970397054704
180 207.87824917775902
184 206.26053449314168
188 204.64617575042465
192 202.90067088973052
196 200.81030079788826
200 198.59100914868023
204 196.43446898801716
208 194.12078421116334
212 191.470806417569
216 188.47774897837576
220 185.76980643615434
224 182.9951065036003
228 180.115437808017
232 176.97947958140918
236 174.11033414244224
