56 175.40417280304217
60 178.91894528573428
64 182.6248182386821
68 186.17725273982933
72 189.20342289159817
76 192.08114472324615
80 194.940027844369
84 197.8763630759616
88 200.21020953648636
92 202.2993978694193
96 204.14090791595027
100 205.96343450527064
104 207.60971022391806
108 208.82026764257492
112 209.84861478935093
116 210.8582913719352
120 211.88795405330166
124 212.75560218199223
128 213.38262298968905
132 213.82161001803414
136 214.10049791241198
140 214.26299686540057
144 214.34355308865142
148 214.21158868741662
156 213.70943651797617
160 213.0617438823782
164 212.28636424854537
168 211.39705717800513
172 210.46874150977789
176 209.31810346519353
180 207.99676104860393
184 206.31627989243373
188 204.5660854106824
192 202.88898372906075
196 200.7938769025445
200 198.52631506452533
204 196.18857596870504
208 193.7782365317462
212 191.37776786651705
216 188.6311841073188
220 185.81588455460968
224 182.92988189995074
228 180.14773719511433
232 177.0958136918236
236 174.3257432649643
