56 174.16155442413816
60 179.02669291237788
64 182.57524264946755
68 186.30865613624348
72 189.81110351648874
76 192.7361509616568
80 195.42463899239772
84 197.95101981917674
88 200.23413243463295
92 202.14828281338342
96 204.06075471408417
100 205.84460024093127
104 207.63162851420051
108 209.0133749479424
116 210.90081882725914
120 211.7419515663089
124 212.4570444217302
128 213.12183475678935
132 213.56185425259957
156 213.5339779978888
160 212.91815193405824
164 212.1651708135572
168 211.22778296170355
172 210.33079278232358
176 209.1463234192833
180 207.7026159168582
184 205.96289261368068
188 204.34565138041893
192 202.5507965974854
196 200.36660148496776
200 198.0408326953893
204 195.79733480045076
208 193.35979478531476
212 190.79461285848515
216 188.0947469473829
220 185.43946859509248
224 182.59319624302492
228 179.65986496551454
232 176.8250306595031
236 174.27963955131656
