56 175.10157867579147
60 178.87624832351514
64 182.88909527388853
68 186.37808877518813
72 189.7028022150696
76 192.67974385161799
80 195.53178064999645
84 198.20875831460066
88 200.49347704179405
92 202.43451105514887
96 204.30289850184073
100 206.1287114181715
104 207.7150499333663
108 208.98601809209146
116 211.05851374883028
120 211.95854413542435
124 212.92979121466652
128 213.4969441257686
136 214.35622523787805
140 214.52571896845797
144 214.55047475797974
148 214.37974592823727
156 213.70726907194253
160 213.16862870724896
164 212.5756780471161
168 211.78907594102236
172 210.85984592594045
176 209.5893524798555
180 208.16792831267995
184 206.49603997913493
188 204.76383219253725
192 202.895196810798
196 200.9411229798918
200 198.70336827019835
204 196.23432046797663
208 193.8602299856766
212 191.63157207439536
216 188.84031293076998
220 186.10968650098113
224 183.26997127741342
228 180.42418702055795
232 177.4947501886735
236 174.48995422316045
