56 174.76839145801728
60 179.37378979893325
64 182.92745101303476
68 186.9081927316047
72 190.17284335099953
76 193.09033828631803
80 195.63281235904856
84 198.23337170788
88 200.59362860723718
92 202.6562393575121
96 204.59569317768694
100 206.33756018740343
104 207.90336980034616
108 209.16585042389954
112 210.28966140754645
116 211.27528025722967
120 212.37930514771114
124 213.23134286274632
128 213.7557360545991
132 214.14321064620836
136 214.35541308658398
140 214.41470331004854
144 214.43963008053566
148 214.4131092836892
152 214.26606777392917
160 213.54842349454577
164 212.8488955333783
168 211.89083375550013
172 210.93852136341667
176 209.69563283624362
180 208.44105977259673
184 206.91272312730885
188 205.0370751526365
192 203.0587804516416
196 201.04842945561066
200 198.9460995055838
204 196.54817399931727
208 194.12527108440088
212 191.69107876365717
216 188.90328080500655
220 186.0572231251321
224 183.0261280112208
228 180.45336587617766
232 177.49355248274964
236 174.4533554450881
