52 172.8263367943508
56 174.8595815794426
60 178.59464471125875
64 182.2359213909692
68 185.75822121774007
72 188.77288430065335
76 191.60937424586052
80 194.40959782110923
84 197.16332301213797
88 199.67225868813387
92 201.81267714284047
96 203.81481420970317
100 205.64587651358505
104 207.3533477041396
108 208.54054841170444
112 209.70836092716462
116 210.59326012334074
120 211.4902686535935
124 212.21620691747543
128 212.94084425005627
132 213.45235832112772
152 213.80101874887737
156 213.4461575139543
160 212.87604976275998
164 212.08818248847317
168 211.09585515770857
176 208.9486960081084
180 207.5525903921773
184 205.89553288182663
188 204.1877375357048
192 202.2198197454085
196 199.97540258043907
200 197.8446502222611
204 195.67297597994258
208 193.16386424662733
212 190.6037757527384
216 188.01117685813676
220 185.10083120538354
224 182.0995311533764
228 179.45335807383435
232 176.78765561140023
236 174.1486373434779
