56 175.1023172413563
60 178.7204885889987
64 182.23943531542955
68 185.54833164612427
72 188.85847126855563
76 191.99670946154805
80 194.90188154133324
84 197.49723526657485
88 200.02552684625775
92 202.07662105737845
96 204.02649231233974
100 205.60925451050906
104 207.19510311734854
108 208.6192816817971
112 209.76911594940754
116 210.89412336386235
120 211.8908602308462
124 212.560996985758
128 213.13981390609396
132 213.55743027208123
152 213.7721874217117
156 213.4242853481618
160 212.67758422867576
164 211.93366224602647
168 211.0765548522338
176 208.8575863157006
180 207.54149468518185
188 204.47231491877488
192 202.82629518166198
196 200.7158213651207
200 198.59311953181796
204 196.12507951203364
208 193.73003984041037
212 191.18874681342572
216 188.38407537855414
220 185.53395987894652
224 182.50029621813778
228 179.7239470382355
232 176.95779241490206
236 174.34620048672315
