56 176.1413632371184
60 179.87721277903398
64 183.10413887770244
68 186.20434116074176
72 189.23584841689046
76 192.05318509085333
80 194.76630244761742
84 197.27162445195174
88 199.81144820646082
92 201.97737340805685
96 203.96845703646414
100 205.79932807045668
104 207.44354500617553
108 208.79320101133567
116 210.73388579713443
120 211.50832676094922
124 212.1808692815805
128 212.9327690593488
132 213.44615670128337
136 213.743604470504
140 213.8796920075641
144 213.8422361834052
148 213.87261740417193
152 213.71391555288426
156 213.33772008838167
160 212.81342043644523
164 212.0304539809517
168 211.10597327530365
172 210.09034570191363
176 208.84785111407092
180 207.51837255190256
184 205.83493266071662
188 204.03761326315987
192 202.09873821258356
196 200.23924110913362
200 198.22271034012044
204 195.72065167712083
208 193.1405886607816
212 190.45471566816775
216 187.82453928656446
220 185.0277354312748
224 182.15909135055168
228 179.40006954131175
232 176.7683650203323
236 174.02241972389936
