56 175.6299746979056
60 179.12607969250934
64 182.73282224264375
68 186.38263932385797
72 189.83383045632414
76 192.6968042518548
80 195.35641621513233
84 197.8193932223815
88 200.1297501572243
92 202.23329664695137
96 204.1906588989616
100 206.06860697226804
104 207.69135307122193
108 208.94112545186934
116 211.00026400329875
120 211.939973339654
124 212.68178013973795
128 213.37085878255647
132 213.7793070823614
140 214.2807488050316
144 214.27393992559985
156 213.47881571626746
160 212.8293028211011
164 212.14625075832396
168 211.29084264634642
172 210.41144946149666
176 209.1987135161603
180 208.0221026026159
184 206.38018019079936
188 204.5223279432377
192 202.51124873931977
196 200.40649038756294
200 198.17464096955626
204 195.92304638230706
208 193.55114330064424
212 191.08738343929713
216 188.38083345877556
220 185.66419436635545
224 182.60458886472188
228 180.00903917121667
232 176.91818896684356
236 174.5301611372648
