56 175.8571516585109
60 179.55024743949667
64 182.81175886511446
68 186.24101854026821
72 189.8371822976265
76 192.8457327837017
80 195.52054928503804
84 198.14814825048447
88 200.4039490323907
92 202.40188577503955
96 204.25186148664017
100 206.0239332644158
104 207.68538952521584
108 209.18736580937605
112 210.44966645288955
116 211.48513535281344
120 212.5136596880115
124 213.25073341269197
128 213.83697062598776
132 214.16421810281707
136 214.37259909556195
140 214.45348466038774
144 214.50925222653913
148 214.44221353460762
152 214.3043870213683
160 213.4790213657492
164 212.76063114158413
168 211.82448710155745
172 210.81293421771548
176 209.63885500274972
180 208.24158871489084
184 206.73302039986544
188 205.02555488815375
192 203.3924095563001
196 201.3455595237058
200 199.15730728853987
204 196.77567034365632
208 194.35441767450652
212 191.75387026753856
216 188.89314257943116
220 186.11020925420894
224 183.00772111119943
228 180.17050759674555
232 177.23251503016655
236 174.2313198133653
