56 173.3724315501026
60 176.83089820576916
64 180.81450619015908
68 184.4652688958754
72 187.57700203637077
76 190.47653312887388
80 193.30191246987104
84 195.95817122426342
88 198.404772338216
92 200.52879569338924
96 202.559229022375
100 204.29191241242958
104 205.79266592052034
108 207.05892263745162
112 208.08136398485232
116 209.1374157998041
124 210.71461284862266
128 211.16905451070505
132 211.68215639757773
136 212.29505081016848
140 212.53515277396664
144 212.65488206422344
148 212.49507768556538
152 212.2406355802599
156 211.80258906456336
160 211.1644846192267
164 210.41885447982412
168 209.4546669656019
172 208.41482935744705
176 207.33400996048186
184 204.3434655106044
188 202.58318056604185
192 200.7945971441349
196 198.98302507231185
200 196.86439322029122
204 194.3265276041147
208 191.89144544348784
212 189.1502990993261
216 186.37013532990807
220 183.17902335767315
224 180.47598451248763
228 177.71147006698016
232 174.42569597779965
236 171.61151480130394
