52 173.43619930056093
56 175.49121159859544
60 178.22288265519117
64 181.39420340907606
68 184.50355203134023
72 187.777019375632
76 190.77722758056035
80 193.61798253546502
84 196.21638135752067
88 198.50459191435442
92 200.5025025153149
96 202.43272183594925
100 204.19415064153452
104 205.63871500577451
108 207.03710965992016
112 208.1732642782718
116 209.26766872282886
120 210.19371075559278
124 210.93750588871347
128 211.33012406315743
132 211.6538502394903
136 211.91705042558408
140 212.06384922064422
144 212.0449847660587
148 211.7933511095792
152 211.50326094560077
156 211.18467854545992
160 210.69558335581274
168 208.98349881078525
172 208.07545899312208
176 206.93642844136454
180 205.45631733278765
184 203.79708020555825
188 202.0936691512684
192 200.2315122421205
196 198.1523386864809
200 195.9506380564168
204 193.68298840750623
208 191.26141763553562
212 188.6686934184118
216 186.07194186093938
220 183.40857983221792
224 180.841039620061
228 178.371338445604
232 176.04729830031755
236 173.55850888381303
