56 172.83969780835287
60 175.8777619280178
64 179.8072910677799
68 183.38132024790463
72 186.54158913205487
76 189.47295768535201
80 192.2950732099313
84 194.87270711840836
88 197.24007519391438
92 199.3127865481637
96 201.3124159783618
100 203.07105322332825
104 204.81053788422608
108 206.1707340071486
112 207.2271279065456
116 208.09523673517475
120 208.96083659241236
124 209.64518631537317
128 210.3057502280868
132 210.75502762071295
136 211.2213788433412
140 211.4393608178816
144 211.4842347368052
148 211.34280979049845
152 210.9428558575147
156 210.46940182620028
160 209.83714302051897
164 209.08132827490323
168 208.313913686229
172 207.326237777388
176 206.09475193452022
180 204.73319189302092
184 203.2097663748802
188 201.44738345694623
192 199.57942626634772
196 197.6425779231785
200 195.4400977872104
204 193.043866450223
208 190.5337831796673
212 188.06568375415162
216 185.56045703438832
220 182.88740137645374
224 180.33644391835062
228 177.9578092104487
232 175.4686361005615
236 172.84521601976758
