56 175.88616905257993
60 179.55011562329602
64 183.28755742967553
68 187.01776382926957
72 190.0051865732995
76 192.67032642343418
80 195.53236792348832
84 198.15856240507244
88 200.4079675063982
92 202.39156265133747
96 204.30444200467775
100 206.1432224886503
104 207.7182073535821
108 208.9383495343065
116 211.08763399891185
120 211.9883130878488
124 212.81178973650563
128 213.31796974266683
132 213.80002881643662
136 214.22630192801205
140 214.48319629373805
144 214.50956449265237
148 214.32569615861743
156 213.68380283518366
160 213.04832646095164
164 212.33220858398266
168 211.4427916009968
172 210.36080356868848
176 209.20937327636844
180 207.94097456224694
184 206.45788663073282
188 204.780290649353
192 202.973671281572
196 200.9130113911309
200 198.90182894736824
204 196.47422419578265
208 194.01089175355904
212 191.33595404861995
216 188.37300237352193
220 185.75481529604684
224 182.9605296399992
228 180.04584759606252
232 177.18722089197115
236 174.44045959236547
