52 171.27929237538666
56 174.2153382041073
60 177.8474550946852
64 181.62067132279182
68 184.87292629042398
72 188.0003075448944
76 191.04103228995683
80 193.88695193678063
84 196.57121493091657
88 198.85476345059973
92 200.94401929750515
96 202.81784539869795
100 204.56357695285772
104 206.1286955812777
108 207.35537373408178
112 208.5646762669012
116 209.76586172560326
120 210.69612400617416
124 211.35522861001235
128 212.05775162167964
132 212.3743731509686
136 212.67491517559185
140 212.797589177154
144 212.86522907462415
148 212.76325082541715
152 212.503513821583
156 212.13008221415768
160 211.57811124132203
164 211.00611555300753
172 208.91220332628941
176 207.70369478574636
180 206.28261470420134
184 204.85264202912367
188 203.1956887615744
192 201.29851153712394
196 199.1409997333106
200 196.6176341686769
204 194.1238408231224
208 191.52114279161395
212 189.02930261248144
216 186.27138963862154
220 183.40185856643387
224 180.7430139148133
228 178.2398087316024
232 174.9573422106113
236 172.0309327369149
