56 174.82720257985014
60 177.35230308112904
64 180.54320583357153
68 183.99885156113348
72 187.19780214849123
76 190.07772853572172
80 192.8240621442801
84 195.40980033074194
88 197.95499365464798
92 200.20787843602074
96 202.1367641838331
100 203.784844047797
104 205.31327262078673
108 206.72062417672947
112 207.79855935535997
116 208.7786170151536
120 209.69479588709396
124 210.43010227929923
128 211.10150746689854
132 211.52153581574154
136 211.88119338135087
140 211.99141213487167
144 211.95621886404555
148 211.82078879689854
152 211.51712487460094
156 211.25069184212046
160 210.64698084713154
168 209.24557493623442
172 208.29265871970654
176 207.13289343835197
180 205.64089577571679
184 203.8761246692368
188 202.01260942531863
192 200.2898550101154
196 198.35630013928454
200 196.20850381605774
204 193.91081397915474
208 191.71565179793973
212 189.10726169667993
216 186.39454346346486
220 183.15438809280096
224 180.39654943907914
232 174.4707672946535
236 171.5295918610727
