56 173.5443291751938
60 176.94304585113187
64 180.40464963043422
68 183.6953672585047
72 187.04604665565193
76 189.99898689799628
80 192.52857285652087
84 194.84030445385594
88 197.08406313462746
92 199.223727449888
96 201.09971001503578
100 202.7680140390102
104 204.3365814106363
108 205.81210705036065
112 207.07441252549023
116 207.95301398828488
120 208.72492296638916
124 209.4946685933983
128 210.29252076053825
132 210.6953057035414
136 211.21653319375395
140 211.47589005271587
144 211.4535224193864
148 211.1382674241931
152 210.67986826774546
156 210.3083045246202
160 209.75849387930515
164 208.95165243137671
168 208.08462663614608
172 207.16236001679547
176 205.9730533427632
180 204.67509129932566
184 203.12100702228122
188 201.39640202521997
192 199.69780163554057
196 197.6682502353298
200 195.59640399957962
204 193.20906286602667
208 190.53486710848
212 187.87462971877267
216 185.38978010856675
220 182.93319800046186
224 180.65278184054824
228 178.15198167528544
232 175.59309678881118
236 172.65193347330734
