52 171.5578107538712
56 174.42408642032404
60 178.0178346527939
64 181.6313289869787
68 184.9646832289151
72 187.94084034125132
76 190.96108583824397
80 193.80711416833708
84 196.59688364997345
88 198.8533963863473
92 200.85796844715367
96 202.72609015656317
100 204.44985281909058
104 206.07256500834916
108 207.28470507075085
112 208.3325386502624
116 209.5725832754317
120 210.50888870204312
124 211.1847060999699
128 211.8361750953503
132 212.2296980285272
136 212.60812941387093
140 212.69691048719005
144 212.7593710556257
148 212.69281469556785
152 212.42347383829582
156 212.22362618027603
160 211.64620369106183
164 210.9787504847192
172 208.7669116914747
176 207.54252020468027
180 206.18105823617435
184 204.68817844286295
188 203.1249567147466
192 201.21196307535556
196 199.25057620956417
200 197.24449753141738
204 194.9199657579057
208 192.16205637028253
212 189.4254721233283
216 186.68839290855504
220 183.68183777074347
224 180.81829806634454
228 178.00406786564673
232 175.41230301547193
236 172.73773776655443
