52 168.7165015468031
56 172.21090658180816
60 176.14806042546206
64 179.91793320901985
68 183.54835219199424
72 187.12802915983752
76 190.3229139071354
80 192.8877896995375
84 195.32865933041973
88 197.65944798004836
92 199.71962860508484
96 201.618597761768
100 203.3063021132191
104 204.81406904142244
108 206.09046974894937
112 207.22123938055452
116 208.12806504312817
120 208.9322910949006
124 209.72544064791617
128 210.4126340088266
132 210.8293578163274
136 211.27992258179137
140 211.44526859499052
144 211.58483286267452
148 211.51910587184545
152 211.17959942802662
156 210.71727856812973
160 210.15244736178875
164 209.44362145036297
168 208.48583264663927
172 207.35839115009998
176 206.1939603411233
180 204.95554921514218
184 203.46558232241358
188 201.8508140672935
192 200.1513392955623
196 198.33335005152392
200 196.12950791784388
204 193.71428917838477
208 191.1579155236383
212 188.5160579211197
216 185.7883094587188
220 182.9622748704249
224 180.37488888292566
228 178.111646101477
232 176.1866310550597
236 173.62787643228884
