52 168.35798211511192
56 172.7067953236354
60 177.38267552721123
64 180.79954563637023
68 184.08922122310216
72 187.20520257569925
76 190.24921947443764
80 192.9350984581664
84 195.56297679492826
88 197.92957214884868
92 200.11421445164487
96 202.1324671179906
100 203.76994246405417
104 205.14049044546945
108 206.58569082554726
112 207.87115511299007
116 208.88038617439906
120 209.83638487129951
124 210.5542103614832
128 211.0523461593744
132 211.48112553092108
136 211.58408018757598
140 211.87252827274727
144 212.09330430844204
148 211.81303876516895
152 211.47010941163668
156 211.12459249516613
160 210.6859769405258
168 209.33064863788596
172 208.39445794798857
176 207.31981559327897
180 205.92510008043695
184 204.27913949455876
188 202.52552737113587
192 200.64820862942378
196 198.67211966817857
200 196.51146648322094
204 194.13594897436639
208 191.49226848690648
212 188.94979996912423
216 186.3603313067116
220 183.6570873602067
224 181.137579958593
228 178.63034796105393
232 176.15979299976902
236 173.2206703027291
