52 171.50411288603792
56 174.7329120311703
60 178.02907117061244
64 181.47080500184248
68 184.80776480681112
72 188.06265308732787
76 191.12123400093532
80 193.86309153595118
84 196.49528032059325
88 198.71898501161772
92 200.89606922818578
96 202.8376135199535
100 204.7037356946129
104 206.19607560018517
108 207.49583307753232
112 208.67879249993226
116 209.85849226546588
120 210.67927631695073
124 211.2625182378824
128 211.8469024817573
132 212.15286656562688
136 212.53290902672993
140 212.67381823885938
144 212.78568641175136
148 212.68110503597273
152 212.43814186765326
156 212.1003753996308
160 211.63246423728205
164 210.9141511312853
168 209.82590817735516
172 208.66058989384433
176 207.3969361257999
180 206.03436923802354
184 204.53770631878768
188 202.97080227293023
192 201.1269896703379
196 199.20723979745733
200 197.0329155479502
204 194.52480274457048
208 191.8867784673432
212 189.27082661773392
216 186.35111019565946
220 183.20712263013837
224 180.58056637051237
228 178.07000924535635
232 174.7941025637283
236 171.86495577327264
