56 174.84632339529153
60 178.84190038036832
64 181.71141373882975
68 184.83583031442907
72 187.9240264802326
76 191.00604904188708
80 193.84136749534935
84 196.50449266253221
88 198.789350597564
92 200.85470472119982
96 202.74936954681363
100 204.69418876539703
104 206.21930709299238
108 207.37442888044248
112 208.50253967798227
116 209.45277684081933
120 210.34275359747159
124 211.00410314170387
128 211.49697152173127
132 211.871049382647
136 212.2395455925595
140 212.36146263345194
144 212.50951283370784
148 212.41227115547696
152 212.11969000569934
156 211.6846523745892
160 211.07914327144667
164 210.3344445661541
168 209.41772146439814
172 208.40898536244123
176 207.20727612811007
180 205.77864368091048
184 204.13368300326223
188 202.44335867734833
192 200.58761223530226
196 198.47767655843086
200 196.17260999750405
204 193.78326708382545
208 191.34142199254046
212 188.56997015151478
216 185.80460430142426
220 182.9075353052432
224 180.23204396512722
228 177.37425703498957
232 174.31902968315433
236 171.52295625910185
