60 176.41404090490232
64 180.69901410907835
68 184.6207910616759
72 187.92790958834055
76 190.75664395972848
80 193.52073432140676
84 196.23107354919318
88 198.47690503244172
92 200.53118970262983
96 202.4246371306474
100 204.23262700925528
104 205.87018241590096
108 207.19766381977973
112 208.2055119582754
116 209.27465382784294
120 210.22902387305845
124 211.0842724686828
128 211.51593495399814
132 211.9002653876781
136 212.13669188635942
140 212.29520703059998
144 212.13864598298355
148 211.97585198638075
152 211.76790073868307
156 211.46549996631126
160 210.94360349698758
164 210.23257471601082
168 209.31938527191159
172 208.287724854929
176 207.12881246119366
180 205.75774630784025
184 204.12056656242464
188 202.34055638420287
192 200.43604276756435
196 198.15810418095595
200 195.92114218760594
204 193.66610005888924
208 191.3604630021086
212 188.8082329773966
216 186.05795155401958
220 182.83170932233577
224 180.37299042254938
228 177.70206602408257
232 174.35682420382
236 171.52028358177785
