52 172.313637271094
56 174.13385156647027
60 177.90789831023994
64 181.67163182326937
68 185.05978609671678
72 188.12475294132804
76 191.15646395004245
80 194.05150147444996
84 196.53312838193816
88 198.79121264322123
92 200.82285622351517
96 202.80605831063795
100 204.60350743603595
104 206.17524178764742
108 207.39645973037057
112 208.5428107696735
116 209.49201252825665
120 210.4303690098262
124 211.09250186818437
128 211.87478428086976
132 212.15666879951073
136 212.54387734365073
140 212.67491196907366
144 212.74434568277667
148 212.60659679308367
152 212.23101295940634
156 211.77085143142153
160 211.16647431431394
164 210.5036903149241
168 209.51413303040675
172 208.60242140321893
176 207.53794356574994
180 206.07003135987526
184 204.37231350283508
188 202.6066103427786
192 200.75007789839194
196 198.76171667113695
200 196.31922437915034
204 193.748230932559
208 191.27877191443105
212 188.59792142525237
216 185.7507168624481
220 182.75399323253805
224 180.22075911917665
228 177.52935970934965
232 174.7510271739094
236 172.0227702823576
