52 171.21559593045373
56 174.9647130071287
60 178.30251693144106
64 181.75966683748715
68 185.0062644166715
72 188.28834173058564
76 191.25654956907962
80 194.03839824790197
84 196.55939180645012
88 198.9028699887029
92 200.97255366290796
96 202.91846155712346
100 204.8071541650484
104 206.334608120952
108 207.60872979343154
112 208.80890847019128
116 209.84049025022756
120 210.5966443649532
124 211.14530140551338
128 211.60167639774437
132 212.17288982231696
136 212.44338979064378
140 212.68216064498188
144 212.68374532099625
148 212.56952715018676
152 212.1922422613453
156 211.82535411322758
160 211.1483489075253
168 208.9237160861286
172 207.9144300174724
176 206.8186059133175
180 205.47725898648235
184 203.98504199590496
188 202.4895532603373
192 200.8069050570665
196 198.6766020301062
200 196.24868724101614
204 193.74611679748023
208 191.25391319391593
212 188.54785232735958
216 185.74898036692755
220 182.8605198726775
224 180.39370245647862
228 177.7317011022665
232 174.70827566826358
236 171.5359524055422
