56 175.15182630292628
60 178.130172481489
64 181.34109949030824
68 184.7251310743303
72 188.02416277190918
76 190.9630630673551
80 193.80656859106765
84 196.44320302009814
88 198.83863052429086
92 201.02424620042507
96 202.93449250570933
100 204.62658623174497
104 206.09195418605617
108 207.3308876799392
112 208.59640151590872
116 209.72769182385696
120 210.65462393397925
124 211.28757412510112
128 211.84686086199315
132 212.1372437576496
136 212.47818927532532
140 212.59222996041285
144 212.73958598616542
148 212.71222269676912
152 212.4936764219132
156 212.16129585555095
160 211.6664502315353
164 210.9146511555015
172 208.96264527808975
176 207.8716049609782
180 206.52448569688875
184 204.86142359923483
188 203.0585425720675
192 201.20883425183658
196 199.27886960492035
200 197.08072654774165
204 194.58440844678512
208 192.09524534907993
212 189.40453688808418
216 186.4194024601856
220 183.46101461331367
224 180.72912309229656
228 178.07040846509068
232 175.16142758964273
236 172.23280044345364
