56 174.91925087336327
60 177.81786200998584
64 181.2314137511715
68 184.70186415754924
72 187.7788217688048
76 190.809917120773
80 193.74002659919827
84 196.50642459491567
88 199.04858404918875
92 201.19063791828503
96 202.9924029147889
100 204.57298835347507
108 207.26510724690684
112 208.53654050109833
116 209.81880890915085
120 210.66416775584193
124 211.34924260432277
128 211.84596214267316
132 212.0463804885517
136 212.46234078762387
140 212.59222839893863
144 212.68787988921335
148 212.69010390453423
152 212.5862609351218
156 212.1720669432806
160 211.6056542913982
164 210.86598062860023
168 209.92806373896383
172 208.77693184385964
176 207.51502317389884
180 206.09834397187717
184 204.50549650507236
188 202.8052700723773
192 200.99682523873332
196 199.07295156434435
200 196.8434047232257
204 194.3017823469298
208 191.90035259866966
212 189.31573461603227
216 186.47763098302255
220 183.52309296855935
224 180.7253429028744
228 178.012793209531
232 174.82127400723212
236 172.0350584671961
