52 171.28093893337956
56 173.80643379602532
60 177.45220117044698
64 181.060043939923
68 184.66815985103761
72 187.98628804792838
76 191.06923378766058
80 193.91880730868183
84 196.51617196954427
88 198.85558647370968
92 200.8869996644507
96 202.7724448422696
100 204.57551125988354
104 206.07801017359876
108 207.28756332209593
112 208.4197060181662
116 209.53126279494398
120 210.39609984561264
124 211.0469045209884
128 211.7311132376297
132 212.06141296574148
136 212.56929197214842
140 212.71386459388003
144 212.8021471424135
148 212.69851179135463
152 212.48173794630893
156 212.09241810614367
160 211.55771885682822
164 210.93900174629485
172 208.84224263475082
176 207.63868098810116
180 206.2443310160778
184 204.70813593516868
188 202.96348987454445
192 201.12150354417835
196 199.14921158460092
200 196.74890579893471
204 194.2537049025814
208 191.69347185175252
212 189.00161199918557
216 186.0988232888285
220 183.1135737137231
224 180.35694395415817
228 177.76801295525703
232 174.67709018355356
236 172.04423800646967
