52 172.10871508059842
56 175.42512492354467
60 178.79728091563214
64 182.4368381968907
68 185.9500158746398
72 189.0704474726042
76 191.8425525378903
80 194.63414245808397
84 197.0908810866019
88 199.54433318175725
92 201.63187697764312
96 203.56995107064844
100 205.26041354946278
104 206.87463702968398
108 208.1071168633389
112 209.34919745850755
116 210.3944502526317
120 211.12601154501772
124 211.6468322961388
128 212.14209654056947
132 212.62305240739255
136 212.99264174490932
140 213.2284019754008
144 213.2756058414798
148 213.1012841780527
152 212.7221401572029
156 212.3275037120895
160 211.6266881066242
164 211.0523566104054
172 208.9660079787703
176 207.80943496325224
180 206.4143336515542
184 204.90592258492364
188 203.2430117001093
192 201.43073754058398
196 199.44452915707592
200 197.2040388381404
204 194.65745400156817
208 192.00871771931162
212 189.43605322098986
216 186.67991073943523
220 183.69089229859972
224 180.86622825634618
228 178.1806277438316
232 175.1777172227546
236 172.45345105973695
