56 174.78940965201258
60 177.7260643151938
64 181.0551172068686
68 184.52751024801398
72 187.67559267639345
76 190.66281583363417
80 193.501636565486
84 196.22415826602716
88 198.65860062125722
92 200.68846414096035
96 202.56412787076272
100 204.3216841086263
104 205.91531035178676
108 207.27914294872136
112 208.35487707319726
116 209.3804271353037
120 210.36748302566951
124 211.13381381078295
128 211.78756123371338
132 212.08884466704907
136 212.61712468828566
140 212.73543240728048
144 212.8288092599438
148 212.8111947987873
152 212.59184769842105
156 212.271285267546
160 211.784155006357
164 211.0476881271074
168 210.13594103453195
172 209.0574698989213
176 207.86304635125668
180 206.4306356697106
184 205.03248328215093
188 203.4717175292023
192 201.48880833096356
196 199.33144053476343
200 197.09053665241169
204 194.63374372596064
208 192.08743359965192
212 189.40374349946376
216 186.71184182621508
220 183.91062474140585
224 181.20326127853275
228 178.4810872838063
232 175.4931965773838
236 172.72079235885184
