56 174.76655455299363
60 178.47745336529437
64 181.44650549453183
68 184.62927738871605
72 187.88559179265104
76 190.99925555051078
80 193.90704411685184
84 196.46463970484024
88 198.66018394088803
92 200.63954240425699
96 202.53715749074152
100 204.35585541376793
104 206.0299551650799
108 207.205969924941
112 208.3094454101367
116 209.34225245221467
120 210.2020825401565
124 210.9369310633394
128 211.3255594017296
132 211.79905410608606
136 212.04594704704846
140 212.25083754811257
144 212.3135581953248
148 212.27739162618658
152 211.83787874832444
156 211.5071133386425
160 210.92443904102785
168 209.07752601114976
172 208.22354278789763
176 207.03749028669114
180 205.51269545617157
184 203.77735795057248
188 202.0546681824516
192 200.35021328863334
196 198.27978509839
200 195.95610087573917
204 193.56645439969788
208 191.01744991463488
212 188.18275491508695
216 185.29765600777915
220 182.18109972940317
224 179.6805865801649
228 177.06280455433097
232 174.12852490945147
236 171.43692787719354
