52 171.82897363624912
56 175.47888099460988
60 178.64464773556628
64 182.2248631365258
68 185.47041226105665
72 188.43215738851893
76 191.51219036730316
80 194.39943637852605
84 197.15599096610006
88 199.58834163210264
92 201.61014639277684
96 203.36476100557698
100 205.04620283922466
104 206.3741522561644
108 207.6480426354002
112 208.80564404854394
116 209.71112831165448
120 210.71058856541836
124 211.3940442180973
128 211.96526966477816
132 212.44617254681654
136 212.62799464826332
140 212.83110837365814
144 212.8361387339318
148 212.73318333903012
152 212.33620130859006
156 211.79285893437344
160 211.16610114431177
164 210.45559039831738
168 209.57442086378092
172 208.51287838570755
176 207.31165928156804
180 205.8943272968586
184 204.40225619875162
188 202.70763687172666
192 200.9940838180308
196 199.03528271136062
200 196.82462983411682
204 194.32707155340674
208 191.82721418144737
212 189.0595719120061
216 186.196214251364
220 182.95423020057484
224 180.094522473582
228 177.4071717566656
232 174.37872803120277
236 171.74294492066664
