56 176.14068434552507
60 179.20823665437393
64 182.66907373053127
68 186.13459909577654
72 188.93436328176932
76 191.58993038977658
80 194.26296097668015
84 196.84945087742898
88 199.26844522555106
92 201.3366823697267
96 203.1216169308935
100 204.78519588578786
104 206.38837262086048
108 207.74544210096377
112 208.85528815967058
120 210.7119415250499
124 211.26539397597966
128 211.98259228120872
132 212.57615407790937
136 212.9006701750841
140 212.8930276512583
144 212.90339451627412
148 212.8632451402937
152 212.57740167240462
156 212.3283865551874
160 211.74017394781828
164 211.04629906227066
172 209.0453266212873
176 207.85564988705272
180 206.40762261056824
184 204.65411548313466
188 202.86097185953093
192 201.03762026822307
196 199.02775986006213
200 196.62559985320144
204 194.1746466249718
208 191.79201340060868
212 189.27807501190927
216 186.56192686166895
220 183.5800570410878
224 180.76340359923063
228 177.96925473108934
232 175.19956008500688
236 172.31701951656208
