52 173.3490052454386
56 175.5360351534705
60 178.63453571801034
64 182.1218055826592
68 185.45184251479463
72 188.571379808563
76 191.60339470659918
80 194.3278638166034
84 197.00568088073504
88 199.33940156470845
92 201.5432842399456
96 203.33178687260067
100 205.16336326335798
104 206.55091958167594
108 207.77702818673635
112 208.94219810444702
120 210.75372849349415
124 211.33970097549
128 211.96387158404863
132 212.6072394577794
136 212.99275284488476
140 212.98007067372185
144 212.87223721375025
148 212.77597683818266
152 212.41575771744564
156 212.0217929168586
160 211.44265633585462
164 210.82107603501362
172 208.9296680964763
176 207.6992193102092
180 206.16547663331227
184 204.36378160332328
188 202.49597185989052
192 200.6390798702099
196 198.68661794781485
200 196.48481371192267
204 194.16999341699358
208 191.50826747409974
212 188.52215338633573
216 185.74604871435574
220 182.95288913302312
224 180.2639156787056
228 177.49837113053943
232 174.41330687855066
236 171.85530869894146
