52 172.82809588754947
56 175.3673161862185
60 178.69952863493143
64 182.37757215886853
68 185.98068478587425
72 189.15054259887884
76 192.09782944092495
80 194.80822398457695
84 197.33406583380452
88 199.65441599091736
92 201.65978833272968
96 203.38283474292967
100 205.07822235713186
104 206.59892969106642
108 207.76920129972407
112 208.97917310583907
120 211.05363644978175
124 211.72427591609562
128 212.33139306527022
132 212.80521262437648
136 213.04147494634844
140 213.09033136123506
144 213.04366153415566
148 212.8958905871437
152 212.489602029701
156 212.02721789950485
160 211.5143491965443
164 210.77943906211215
168 209.83384451761506
172 208.6935098413884
176 207.4694226995688
180 206.0851418843448
184 204.61416052548634
188 202.91977370381255
192 200.90300233623995
196 198.87864200657475
200 196.58331986815764
204 194.20862316794103
208 191.59230079519057
212 188.78234292294763
216 186.1758757051086
220 183.0086153472235
224 180.31256700343525
228 177.54373605681178
232 174.60277121185607
236 172.36728948334326
