56 175.76244224096516
60 178.93736582241308
64 182.66071014979673
68 186.5356240112837
72 189.78128134515828
76 192.47385695796567
80 194.90209405786726
84 197.4523026625444
88 199.84948883699008
92 201.9259551946431
96 203.74138184721386
100 205.35257720763633
104 206.79782035080405
108 208.01169834665768
112 209.29494514939552
116 210.5346931388105
120 211.45371143846705
124 212.10798387090188
128 212.65632577949464
132 213.13239268961715
136 213.5208928283349
140 213.69398868705838
144 213.6568402482209
148 213.44087492732552
152 212.99714870118032
156 212.60377812299942
160 211.9324782831335
164 211.21109466087165
168 210.15705252415057
172 208.9133373201007
176 207.71047762940125
180 206.29344876395223
184 204.72701094781178
188 203.08544867380618
192 201.37097728692802
196 199.5310974412276
200 197.25687890966324
204 194.66019644201504
208 191.84430917836374
212 189.2286851657832
216 186.6356502546388
220 183.4540606437584
224 180.7197819962817
228 178.1078489889759
232 175.32516807613447
236 172.41949797259852
