52 172.4945467702466
56 175.6135159310784
60 178.74024458681922
64 182.26319084291927
68 185.84870236243685
72 188.90552996827773
76 191.70401710327747
80 194.36347569235085
84 196.86152733496237
88 199.28786126031247
92 201.41347592753218
96 203.38044971202464
100 205.1185509913754
104 206.60526155079322
108 207.73530245486566
112 208.80658144142308
116 209.87519504431503
120 210.92667603763658
124 211.69640663356012
128 212.48445084044042
132 212.93799536692381
136 213.12687831789788
140 213.22731655781848
144 213.1242002366568
148 212.96539507661558
152 212.57847126470853
156 212.13648732734748
160 211.46331632747297
164 210.70896439787523
168 209.77327296067256
172 208.75559260018576
176 207.5760951040421
180 206.2399849207101
184 204.6586141543473
188 202.90489299406917
192 201.14270568455566
196 199.2128343377705
200 196.98396697501533
204 194.45142632509317
208 191.81073564872548
212 189.11598340041752
216 186.30599242655262
220 183.24486797836093
224 180.5255566565153
232 175.26832452660608
236 172.71928813618882
