56 175.81835211938417
60 178.72439119925465
64 182.43550811097995
68 186.03335881658472
72 188.90487478958363
76 191.63416593721763
80 194.40164975461988
84 197.09782767369023
88 199.471212796026
92 201.4831633395311
96 203.4514887649996
100 205.1386277581957
104 206.6841661170546
108 207.82174505071816
112 208.86392021118127
116 209.91082419923694
120 210.90776284219302
124 211.56125014689215
128 212.19044655969174
132 212.7286439374666
136 213.0096028199937
140 212.96324585218238
144 212.91267812755262
148 212.84085921761206
152 212.5500573979083
156 212.09844001480178
160 211.45753665298824
164 210.79882953732124
172 208.88215520549974
176 207.72321189610614
180 206.29860904784883
184 204.807675990723
188 203.10895507306537
192 201.2018967947123
196 198.98538217985651
200 196.49502709861338
204 194.01863578522384
208 191.6857392529904
212 189.24926173448532
216 186.56672129553897
220 183.3139004182192
224 180.48573658567219
232 175.15375158297377
236 172.2356881766843
