56 174.90405326517333
60 177.7375039717546
64 181.08560957437436
68 184.50855048482777
72 187.98645502977553
76 191.07931694535193
80 193.98075378613743
84 196.44858470485872
88 198.77009887405154
92 200.89103011393314
96 202.6762230336193
100 204.44764448934896
104 205.87409551120646
108 207.1357550935399
112 208.33206508019214
116 209.47889090329767
120 210.28389790887726
124 210.85476784039082
128 211.34704552649598
132 211.86811950145653
136 212.17563356269125
140 212.47227706042867
144 212.57200666312838
148 212.53837671750102
152 212.19607314351546
156 211.72906644921613
160 211.0690241889861
164 210.14067688330127
168 209.20649826156193
172 208.2529786817778
176 207.08213131593493
180 205.57396378590317
184 203.89573290120114
188 202.22541733024747
192 200.50840294831693
196 198.51193724801368
200 196.187169484414
204 193.86659357085745
208 191.39483911940076
212 188.7168051620874
216 185.90579121646735
220 182.90030754308242
224 180.34916839005024
228 177.46089012570656
232 174.38854692743635
236 171.71003935332476
