52 172.92986050646914
56 175.7207459138954
60 178.61979426304785
64 182.04632208378848
68 185.38906666811266
72 188.55961557996778
76 191.55168500049086
80 194.44509447412776
84 197.08152139818375
88 199.3813104886309
92 201.4890540317361
96 203.33994948337556
100 204.9799810374529
104 206.4271093760097
108 207.7459591033413
112 208.88657395199903
120 210.77112796684622
124 211.38865915102724
128 212.16912289483898
132 212.59821744798828
136 212.7616348000786
140 212.90791147063345
144 212.94549185945732
148 212.90089684527226
152 212.6563100982439
156 212.07822316999892
160 211.4355506716947
164 210.80889426726165
168 209.83641625104326
172 208.69225833146731
176 207.46793571509798
184 204.45653002654655
188 202.80598011288936
192 200.89473724082612
196 198.71780047186297
200 196.39266541896552
204 194.037250290805
208 191.5275133763646
212 188.69132420713692
216 185.8614233111578
220 182.92234333350146
224 180.28221049181056
228 177.51154953166605
232 174.55812718231044
236 171.76377450565548
