52 173.4789452668993
56 175.75892148837937
60 179.12488696305482
64 182.7352028063304
68 186.11082977248697
72 188.99766571626526
76 191.7802030285801
80 194.42052368012008
84 197.1218672897458
88 199.54317791720771
92 201.60600135359869
96 203.45831877788495
100 205.20987278030705
104 206.6446363595252
108 207.82950273092553
112 208.96382488106067
120 210.84387042113852
124 211.4321881706931
128 211.88715107528316
132 212.38201485766228
136 212.62988038747608
140 212.73794598733116
144 212.82540570170664
148 212.73428966474646
152 212.42366184888482
156 211.9325757707889
160 211.32707864234632
164 210.52697193350195
168 209.6031296468673
172 208.60123784233483
176 207.34458447449504
180 205.79178380512639
184 204.1399976052429
188 202.53591257314997
192 200.66925862900783
196 198.65742775496602
200 196.28087404739802
204 193.82432055068372
208 191.2655718795637
212 188.63319035432477
216 185.88584647079722
220 182.88089599280443
224 180.0702193201292
228 177.37988221965577
232 174.33802073153942
236 171.79090271659135
