52 173.09881432930712
56 175.78180273045894
60 178.90676806160042
64 182.68371766296787
68 186.17442214538653
72 189.34939178894768
76 192.287163662166
80 194.992829786566
84 197.5466418522682
88 199.88327627640066
92 201.84649032302184
96 203.6961378404901
100 205.38881180162306
104 206.83700687447208
108 207.99279835081325
112 209.18971683146464
116 210.1939101020405
120 211.07924500478583
124 211.9100915180414
128 212.5561966042621
132 212.97376531305628
136 213.31864624997814
140 213.5313246115528
144 213.63013267136176
148 213.48300534679862
152 213.08017304434975
156 212.54331264418468
160 211.75908449163967
164 210.99687984647568
168 210.1295424045681
172 209.10262770330888
176 207.89978453802007
180 206.482863339378
184 204.8536226218838
188 203.1691052124574
192 201.33892271418773
196 199.35743345750475
200 197.12081260411247
204 194.64167712425092
208 191.96825801305008
212 189.20411917971515
216 186.72662947519967
220 183.72679838557087
224 180.84224126765818
228 178.09441547160026
232 175.49147766588857
236 172.67026684805774
