52 173.91851748694523
56 176.18111963484793
60 179.4177466670502
64 183.10983751803954
68 186.69754644197454
72 189.86686261795904
76 192.7888297878344
80 195.49842188628094
84 197.8449992428074
88 200.1143975495224
92 202.18611151596784
96 204.00809107427733
100 205.60376056583536
104 207.0603442300661
108 208.08408210059946
112 209.2644922472206
116 210.38074781829383
120 211.36274088599265
124 212.0439040019679
128 212.7197390789263
132 213.19951601810675
136 213.52141599859985
140 213.77936655127547
148 213.6435070691188
152 213.09536152805367
156 212.54999177827673
160 211.81046787631408
164 211.07584209532703
172 208.90407200213616
176 207.73587898114403
180 206.42601991881517
184 204.82880891329873
188 203.13099728392038
192 201.10952254377295
196 199.02907006375162
200 196.64303789960576
204 194.34668789955361
208 191.89525497185338
212 189.29582920192752
216 186.46345216622723
220 183.51249984008905
224 180.6521818064681
228 177.81483141852848
232 175.23861647516327
236 172.65701994566012
