56 174.54254331635207
60 177.9554952705741
64 181.63546335214755
68 184.80897025706832
72 188.13984108739123
76 190.97413798692347
80 193.90125341459304
84 196.63275225746474
88 198.93259158677836
92 200.81529079550617
96 202.6228535382597
100 204.51595702954563
108 207.24814309101177
112 208.405622790595
116 209.3385524295452
120 210.22200083378686
124 210.99104859705716
128 211.6097787964641
132 212.0304363461085
136 212.44071289519263
140 212.5795675003484
144 212.51773201830528
148 212.41405162475752
152 211.9716397376502
156 211.485677980312
160 210.90913223599185
164 210.18080323561296
168 209.3115015496211
172 208.34561153592972
176 207.13725189463074
180 205.70358459928724
184 203.97764307176848
188 202.26540977396095
192 200.45559496116636
196 198.54451756529713
200 196.28837268323775
204 193.98240246971832
208 191.6445000132789
212 188.9303734127232
216 186.23066516651983
220 183.00811363502265
224 180.3161297046209
228 177.64543294035025
232 174.31693095906968
236 171.49185365587974
