56 176.00047571688248
60 179.43659157072153
64 183.30474278488947
68 186.9634504583383
72 190.0250976941717
76 192.72434391068097
80 195.27424177923524
84 197.89665795327318
88 200.27885363242527
92 202.26974106339722
96 204.1757145765871
100 205.92924910970396
104 207.44276584709843
108 208.51743696576239
112 209.59228312173337
116 210.60615151030464
120 211.7226326734283
124 212.43630665268887
128 212.8903185847515
132 213.41416671037703
136 213.67928815533415
148 213.7637253503379
152 213.42734280839113
156 212.98580209736673
160 212.36245977094424
164 211.6852835829523
168 210.67266750585006
172 209.47048645489676
176 208.18417193371766
180 206.7361948483185
184 205.10373369465012
188 203.55131281265224
192 201.65000424682466
196 199.59442648962857
200 197.28101723857762
204 194.87100904186224
208 192.20376182482772
212 189.63533889068302
216 187.13690157669652
220 184.20667399625853
224 181.22166080440576
228 178.4070542461975
232 176.23334615753345
236 173.31122460978162
