52 173.63030191617617
56 176.10121267435701
60 179.15026681551265
64 182.7821843216106
68 186.2601082682677
72 189.42739575713932
76 192.38430440449545
80 195.1435871457357
84 197.44822367456595
88 199.62969201261734
92 201.6973630556045
96 203.66567104148203
100 205.4756877640478
104 207.01814385836377
108 208.0892293109499
112 209.17683697801561
116 210.28949717332696
120 211.17387878494284
124 211.90817143439114
128 212.49704455651326
132 212.87591397331244
136 213.13844639521832
140 213.43127871435695
144 213.58075585647725
148 213.42886768974154
152 212.8711055443065
156 212.45450879097942
160 211.75004406663356
164 211.01679843709928
172 208.94233537414897
176 207.5939405044334
184 204.49438254143956
188 202.98716270449984
192 201.0911992483232
196 199.02653825425395
200 196.81898280221196
204 194.50873778316523
208 192.0881771596394
212 189.35417807454485
216 186.5327798768928
220 183.72354847256977
224 180.71994482870662
228 177.79592877026454
232 174.67584105164798
236 171.9645629733745
