52 172.97640459937838
56 175.19575768836353
60 178.0760442422673
64 181.65340933835392
68 185.6431483263001
72 188.96561135202904
76 191.8698943740343
80 194.56105612016384
84 197.26452211762154
88 199.4739094563926
92 201.45405055426437
96 203.34086976519393
100 205.05012096452393
104 206.66562370792187
108 207.92743889106475
112 209.04540041999115
116 210.0747168805204
120 210.98221247164264
124 211.66931706854325
128 212.27227780217018
132 212.69239242835013
136 212.86777465647847
140 213.00369146151084
144 212.9904233932384
148 212.92225730811742
152 212.77831943881077
156 212.23908853078225
160 211.52857251607475
164 210.8228186547467
172 208.90025566898603
176 207.76399260555803
180 206.1117824957442
184 204.6298531766871
188 203.1293624917448
192 201.35145148475814
196 199.18819202150345
200 196.86782534417506
204 194.42126522315604
208 191.90093089543976
212 189.20382004093673
216 186.47042923657602
220 183.3786539816831
224 180.4318244079697
228 177.6442311588325
232 174.681064162059
236 172.16657339989476
