56 175.28085250644014
60 178.24306569135433
64 181.39971448431157
68 184.4072558511619
72 187.428154805976
76 190.48577882283521
80 193.47185976012554
84 196.2225910926691
88 198.5764374851047
92 200.53821942354634
96 202.40542915759687
100 204.2161921916828
104 205.73471414507065
108 207.09209981280713
112 208.17341070386487
116 209.2916484577285
120 210.18391873937327
124 210.92399230812657
128 211.442906073821
132 211.82006939579006
136 212.17075563077157
140 212.42880141976892
144 212.44349880602914
148 212.2743104961442
152 211.89151213810334
156 211.4919144592864
160 210.8838739000496
164 210.31880492573856
168 209.47262477016642
172 208.52084255172662
176 207.23432864127864
180 205.5599400740268
184 203.85943691110975
188 202.22842486163418
192 200.4762953145252
196 198.44055516015317
200 196.27153406868734
204 193.8930962505704
208 191.44781494206748
212 188.81142003542647
216 186.10291969238654
220 183.033885836419
224 180.19394691065565
228 177.40098878108887
232 174.3314623263894
236 171.73807100737758
