52 173.65138973625608
56 175.92929716330144
60 179.30902211596523
64 183.0267484423265
68 186.55771122808306
72 189.72297319295484
76 192.59824198029744
80 195.2874295232155
84 197.92536825760243
88 200.34267466702855
92 202.30569061738925
96 204.08441207504544
100 205.66213364450195
104 207.11879641563405
108 208.209410064003
112 209.46338183161515
116 210.48612649256478
120 211.39855400524905
124 212.1190693800583
128 212.73716205765825
132 213.28210295625078
136 213.5911123668124
140 213.7795871264766
144 213.7950648833556
148 213.62498713761175
152 213.2003722535675
156 212.6028303101839
160 211.88020091641107
164 211.07158205894245
172 209.0191694196102
176 207.89180274347063
180 206.44452632545514
184 204.7699028234377
188 203.0428406852611
192 201.17167277655682
196 199.2706586118379
200 196.97980401743365
204 194.49873523151217
208 191.86493658747796
212 189.30960603105075
216 186.60487711255934
220 183.4522671954702
224 180.59471426451958
228 177.8215596021431
232 174.88603787396573
236 172.05058240878364
