52 172.74105964202215
56 175.71935542731376
60 179.06079207577466
64 182.8187240344768
68 186.53313600779245
72 189.82637379445026
76 192.75443535437705
80 195.39789756817754
84 197.8074375342515
88 200.03310200700426
92 202.06464396254367
96 203.80182754085064
100 205.43658281979305
104 206.88315253985613
108 208.11002705903712
112 209.1770830448234
116 210.26300936669168
120 211.12839042732057
124 211.76587411551304
128 212.51083118482273
132 212.98786438239006
136 213.4274335361281
140 213.61748557858908
144 213.62379433274563
148 213.40628997524402
152 212.99663871005538
156 212.57555836976513
160 211.82875386694604
164 211.01158247177673
172 208.97758852415546
176 207.85470742714415
180 206.3443245785692
184 204.67631455998742
188 203.05117180482472
192 201.1435725645582
196 199.1345892864484
200 196.7775704619531
204 194.46619317952968
208 192.00082560516591
212 189.36334952843328
216 186.48804039127106
220 183.29457325414555
224 180.51553525356633
228 177.96610012530084
232 175.17320130995182
236 172.1753465471915
