56 173.8550212059048
60 178.26230007202372
64 180.92187099931564
68 184.38484894804785
72 187.7531005117242
76 190.72258809784014
80 193.72680880913023
84 196.4939240377861
88 198.83573296933884
92 200.64491570295115
96 202.5269881537945
100 204.3680276141588
108 207.30554309820036
112 208.25568668846353
116 209.2834421201186
124 210.8569214021994
128 211.29228382662856
132 211.63463130605794
136 211.95008266685292
140 212.0823493020698
144 212.1978673785454
148 212.13526587063308
152 211.83238266394366
156 211.44469996828832
160 210.9102860944408
164 210.19999339116117
168 209.16673575589306
172 208.19715007417534
176 207.02789960108765
180 205.58622570182695
184 204.01873421651462
188 202.33770448436627
192 200.38408598052098
196 198.13000055145767
200 195.9255848492374
204 193.55568378582993
208 191.05563277226955
212 188.44699937330824
216 185.91379030509324
220 183.04641087111406
224 180.34819181936135
228 177.46524522642028
232 174.24754853026428
236 171.40445527098245
