56 174.64976249473446
60 177.01271537837044
64 181.31082376123692
68 184.86615327693514
72 187.96056150982236
76 191.02914744678765
80 193.65295547895744
84 196.10321398445407
88 198.53388962972784
92 200.68497108620798
96 202.51575635192378
100 204.32286117399056
104 205.9011024560925
108 207.1872597072869
112 208.36575384194927
116 209.5459475912104
120 210.49685790589928
124 211.21718090731753
128 211.65853109622975
132 211.9851695046962
136 212.35551575237432
140 212.58179519572406
144 212.65776909640616
148 212.50359703871544
152 212.19719691781046
156 211.6886069249024
160 211.21965084341343
164 210.67429075875822
168 209.84438752700083
172 208.79694488252903
176 207.70341045618397
180 206.33100184344124
184 204.69474133182112
188 203.00890697863295
192 201.17529751290948
196 199.1497447150904
200 196.54702603078175
204 193.96977918844115
208 191.6293381829582
212 188.98862415212665
216 186.23949279670393
220 183.3627088893008
224 180.88481918025678
228 178.29876740075815
232 175.1453424465367
236 172.3520026097317
