124 207.64823304850836
128 207.7256999550009
132 208.05414682029078
136 208.60790480958752
140 209.03476058172728
144 209.4199348151812
148 209.72522406866526
156 209.83821939797744
160 209.46118080880495
164 208.94720935113827
168 208.39511408941277
172 207.6810663928004
176 206.81458905494927
180 205.65809771324052
184 204.38506156333716
188 203.04087006875284
192 201.38576205392434
196 199.658384216916
200 197.70752940151846
204 195.5928713862356
208 193.30760935908603
212 190.9438672512997
216 188.2358806951015
220 185.38932414054977
224 182.5264246147311
228 179.24605785036135
232 175.71694586096817
236 172.1020417276327
240 168.3448022393115
244 164.66919110450868
248 160.9837712633669
252 158.16242060379574
