64 181.3660180258384
68 184.67738846739002
72 187.8194767613897
76 190.823863827504
80 193.57371594760863
84 196.11171354238488
88 198.48691014026087
92 200.59576615022408
96 202.62821460059703
100 204.36844298401266
108 207.28069384363067
112 208.28802179472842
116 209.20874965380958
120 210.13371717892784
124 211.03773950259327
128 211.46284464003895
132 211.927025221534
136 212.2993701683051
140 212.5582625762832
144 212.53941088084156
148 212.26073814306523
152 211.90247602389755
156 211.55347950545035
160 211.09807787965488
164 210.41746688293279
168 209.5594016744937
172 208.5816882852598
176 207.37434005725723
180 205.77062182815513
184 204.069382477497
188 202.50535090628986
192 200.8345005421251
196 198.78068344246145
200 196.34082636971326
204 193.86984123705764
208 191.4801959102761
212 188.87930712834003
216 185.98101467635564
220 182.81126383998006
224 180.17011471022306
228 177.55308515177222
232 174.80860874501002
236 172.15491748062743
