56 174.50145179460975
60 178.4289938085476
64 181.8616330584864
68 185.21239617073223
72 188.29006908198804
76 191.18285716244918
80 193.9714291865874
84 196.55627380331322
88 198.88638395316585
92 200.96552508761002
96 202.84651221107666
100 204.72048064571533
104 206.05261156214897
108 207.30781064045237
112 208.39280328952924
116 209.34536837370754
120 210.20685852191173
124 210.92223209541686
128 211.53263165222236
132 212.0453284937583
136 212.5257207467212
140 212.63550219759634
144 212.53112497740193
148 212.44545687845908
152 212.20685038346366
156 211.80450390078687
160 211.27258966175668
164 210.53998879488023
168 209.5418567519407
172 208.45876563680875
176 207.22827055609736
180 205.88391696603685
184 204.29672596590575
188 202.51449859089252
192 200.63125203864206
196 198.57404493056623
200 196.43137684430963
204 194.23091829345907
208 191.73830722050013
212 188.98040734461506
216 186.22833617136266
220 183.32470452854133
224 180.52892375372733
228 177.67597970162967
232 174.48619451171695
236 171.8507298451343
