56 175.5184953582887
60 178.06466931457652
64 181.33990079573005
68 184.82689587922238
72 188.13854528949722
76 191.21439765215655
80 193.9026320039402
84 196.49749099998337
88 198.88876547135212
92 201.05503541352903
96 202.99235882533327
100 204.77829078007744
104 206.142070145913
108 207.37048896797387
112 208.5265593159043
116 209.5161721953622
120 210.54398366829724
124 211.32909733758166
128 212.0348873149394
132 212.3465725669373
136 212.6362814816329
140 212.79449979127855
144 212.74295228294625
148 212.69967548016567
152 212.45211418306556
156 212.01610933690313
160 211.37997508810662
164 210.80042355961697
172 208.7191772125622
176 207.40388231240854
180 205.92167328726615
184 204.42664890061903
188 202.79182413314203
192 200.9922591515845
196 198.99653988248846
200 196.79596817588794
204 194.37207715835035
208 191.70858320011453
212 188.99628429428066
216 186.2087834885387
220 183.30377815806486
224 180.62495407353242
228 177.90856222888655
232 174.96398730525658
236 172.15636923484303
