52 171.9895711625821
56 174.51361326146764
60 178.08889539431289
64 181.51369354313704
68 185.066433958225
72 188.2291683689911
76 191.07206790705123
80 193.98782901597195
84 196.76351812248595
88 199.11917306307853
92 201.2082946321499
96 202.9437632566857
100 204.57289363974309
108 207.32196905415032
112 208.4506097108132
116 209.52891998969358
120 210.36045624242365
124 211.11635848292318
128 211.64914469003116
132 212.15206262081597
136 212.5624842772121
140 212.6862359113572
144 212.65564695715926
148 212.6582297604102
152 212.3584140143288
156 211.78983430159946
160 211.11736696057238
164 210.41312621299127
168 209.58004123193348
172 208.7500515779056
176 207.45922819121608
180 205.8574821025719
184 204.04851636397592
188 202.33401423470232
192 200.55858675353
196 198.76889652372665
200 196.63580629388724
204 194.35908179211393
208 191.659720281666
212 188.89582354964324
216 186.0906952320324
220 182.98929616267918
224 180.39420076152044
228 177.6109218871992
232 174.2330677664494
236 171.51779869689477
