56 175.6539642192686
60 178.6123770514032
64 182.1319411371416
68 185.39756261916318
72 188.50415651038236
76 191.41343569883665
80 194.10136786497327
84 196.66541851981958
88 199.08110086106967
92 201.19687951617726
96 203.15210953047
100 204.93041251877
104 206.36973970810067
108 207.67320252493377
112 208.86404150223973
120 210.97585868097445
124 211.66534142686663
128 212.34412945361666
132 212.70870092038624
136 212.83836150441695
140 212.88127008432448
144 212.88001458363897
148 212.86815780790255
152 212.51433132953247
156 212.0891403234621
160 211.45506985529198
164 210.83128119383466
172 208.92049154311715
176 207.8330601148619
180 206.50877853304098
184 204.89358231747912
188 203.16525040161093
192 201.25602805675868
196 199.37069808325563
200 197.18408657576325
204 194.70485697552894
208 192.07210771483085
212 189.35983007760055
216 186.53218830324954
220 183.72472442097265
224 180.85755641559507
228 178.1169795400804
232 174.97334760499126
236 172.53686961371238
