64 185.34183622538112
68 188.35115693152298
72 191.3014507117005
76 194.1193576777697
80 196.54210385520506
84 198.7793374199153
88 200.61967178938738
92 202.53396855001614
96 204.40253870030625
104 207.4349168853169
108 208.5621105937576
112 209.81614372177123
116 210.87272866686217
120 211.67229098902322
124 212.38719060910347
128 212.79909133384731
132 213.001859699094
136 213.1876630616228
140 213.38948010240188
144 213.44460372226018
148 213.0995869325777
152 212.713721793908
156 212.27405643891018
160 211.45070519715392
164 210.54730506414208
168 209.4833243653268
172 208.43840510480456
176 207.24053502378774
180 205.81061924932982
184 204.1004452363553
188 202.15758831538014
192 199.93679217200722
196 197.55966690089906
200 195.24663689470182
204 192.49283931177007
208 189.495791091994
212 186.4285749814126
216 183.20401387235955
220 180.03039628977842
224 176.55831817950855
228 172.90591767860616
232 168.2822688889848
236 165.66426747549588
