64 185.203319479193
68 187.93146345069505
72 190.69370029782127
76 193.1386603418141
80 195.64360640270755
84 198.22993561869984
88 200.52927916891008
92 202.47414967203179
96 204.3150911896065
100 205.9052379150383
104 207.29602536583764
108 208.49502336245857
112 209.55675039004032
116 210.6254115161674
120 211.45003235381114
124 212.23740238873643
128 212.7403264100265
132 213.1652320396688
136 213.50200668560402
144 213.7818014947718
148 213.45874907961087
152 212.95624682246654
156 212.42264183298516
160 211.6751880687081
164 210.85665994668335
168 209.7948033662064
172 208.72925550395115
176 207.52169621913828
180 206.04680128787223
184 204.36965002057624
188 202.54077053053192
192 200.25649239205814
196 197.72820180826903
200 195.3039912527198
204 192.67419229545195
208 189.8050572218445
212 186.7302655050654
216 183.41193400923225
220 180.12331349101314
224 176.6863137417427
228 173.43096756230156
232 168.74593316808574
236 165.11648095741833
