64 184.9133512489646
68 187.64374749900384
72 190.52162213826594
76 193.31345832549587
80 195.72888528801906
84 198.1639214356556
88 200.3196958313089
92 202.20681115133937
96 203.92057387760792
100 205.43817563903735
104 206.90988921184845
108 208.1102827169451
112 209.42012971719805
116 210.3450234695132
120 211.14014681137073
124 211.6533466785214
128 212.16640474403664
132 212.5250179832356
136 212.80970774114925
140 212.90972214906867
144 212.93358908952325
148 212.76631099074694
152 212.3717590879859
156 211.8193379874097
160 211.17616513011484
164 210.23340213897143
168 209.18362399551918
172 208.16199802351727
176 206.8611320325105
180 205.23468099362486
184 203.56610834079396
188 201.57147029063208
192 199.40724942464593
196 197.1857208891306
200 194.69940163515605
204 191.99880394795693
208 189.2522989070153
212 186.16907144084277
216 182.9404037871464
220 179.5523362955067
224 176.33270349106238
228 173.23544450933264
232 168.2031718960118
236 165.30746084781106
