88 191.51360663572984
92 194.04356458181138
96 196.4425382947486
100 198.76233696022334
104 200.75928844297673
108 202.57687186490202
112 204.24894306207045
116 205.6429962984983
120 206.99417675114643
124 208.04916425956628
128 209.14310005638646
136 210.85792247296703
140 211.34316108922843
144 211.72700769447613
148 212.00611304235147
152 212.26272410289673
156 212.26102651935315
160 212.03507169722022
164 211.5766053944726
168 211.17001859021258
172 210.51170179605947
176 209.8017975725678
180 208.82987790392474
184 207.6867212968513
188 206.45430026533668
192 204.95906695700836
196 203.30444535954666
200 201.37270230722407
204 199.33553024983485
208 197.23185905344937
212 194.9648732636426
216 192.34129196091564
220 189.7915018931659
224 187.02977723823926
228 183.97108749763322
232 180.68271179376717
236 177.38410113319014
240 173.68639836124652
244 170.2153642310717
248 166.70033130899006
252 164.18653083792657
