64 183.78573900360112
68 187.348018748878
72 190.42602106333678
76 193.2771010829585
80 195.83173366972295
84 198.3267578062089
88 200.50055868549674
92 202.37046651200177
96 204.2577668807832
100 205.8460114446472
104 207.28892862782493
108 208.47887444892896
112 209.51481901228644
116 210.49577881178467
120 211.21581666884228
124 211.84699568352949
128 212.3607893963141
132 212.77654994975046
136 212.9473216085803
140 212.9572752433183
144 213.03398766499924
148 212.9412178437295
152 212.7301047826339
156 212.1581158177727
160 211.34652958201596
164 210.5605344598235
168 209.56497762890592
172 208.38949987960638
176 206.99719864199855
180 205.41710379908102
184 203.73116089568407
188 201.85899098844237
192 199.94974936995322
196 197.6828058276511
200 195.04435562909117
204 192.35493085773788
208 189.63212636373711
212 186.6117299077575
216 183.36834727629832
220 180.2485300834212
224 176.64565820016463
228 173.1693446904515
232 168.74091245298308
236 164.87251717382992
