64 186.43254600685083
68 188.8003759541711
72 191.47409232701523
76 194.16352740772513
80 196.635461642352
84 198.86291175770603
88 200.91539066918756
92 202.7014799055327
96 204.53542446658753
100 206.2608287509757
104 207.7761566253336
108 209.01484036030664
112 210.32553665457957
116 211.17182148161442
120 212.03908739335492
124 212.63979457628298
128 213.22005780170628
132 213.55709120002416
136 213.82267828191164
148 213.68214501191957
152 213.27751982142982
156 212.7158369102826
160 211.82351104614074
164 210.911113545547
172 208.9842470447838
176 207.6663640702476
180 206.08969943023664
184 204.2005766508722
188 202.1340199034642
192 199.998102226235
196 197.59514494865738
200 195.26398803895444
204 192.54467314815395
208 189.6821857823053
212 186.8446188544323
216 183.6712386421735
220 180.2584451667738
224 176.65618374432808
228 173.24354305972082
232 168.14212153654785
236 165.49472925553778
