76 186.83080661332843
80 189.4918510337736
84 192.15085949828637
88 194.58102166811886
92 196.84713481590663
96 198.9393920879745
100 201.19350349453111
104 203.06084870939014
108 204.75068726098849
112 206.17971694168637
116 207.37614682033416
120 208.55917440656353
124 209.58400033772864
128 210.29276809474308
132 210.9626580447256
136 211.372898317693
140 211.66223816441092
144 211.93771151717002
148 212.08661759225149
152 212.0618635203569
156 211.91598426684124
160 211.62483619576287
164 211.03251047425334
168 210.2795145935321
172 209.5842380575332
176 208.6477594910331
180 207.30068014233166
184 205.66433229750186
188 204.07578949034513
192 202.37342987588562
196 200.31039082241972
200 198.19165760405642
204 195.93394204085888
208 193.48138888031298
212 190.7957870431482
216 187.90913141969463
220 185.05288419629125
224 181.99349516763127
228 178.3909150727223
232 174.6360523176636
236 171.11604306321385
240 167.76944618087623
244 164.93865554320934
