68 187.24353689170977
72 189.93796343929665
76 192.59281978113827
80 195.1387256836027
84 197.69994492276976
88 199.82498676067667
92 201.7503478300797
96 203.63665790353318
100 205.20319939112636
104 206.75406466481974
108 207.98837547839568
112 209.24683215530683
116 210.10709204342965
120 211.00149750236142
124 211.51553410149842
128 212.18532139851075
132 212.46543096524982
136 212.7944008444796
140 212.81873182381827
144 212.89097390195258
148 212.73635404907643
152 212.38268058998943
156 211.96505689921702
160 211.30072762364415
164 210.53522599748655
168 209.6180488607083
172 208.4080122975529
176 207.0221348481695
180 205.59389375193535
184 204.00349846748176
188 202.229298996327
192 200.32608802106432
196 198.1865588854741
200 195.54290772295332
204 192.58542642980802
208 189.62633025355115
212 186.76556156487507
216 183.7426472452493
220 180.44364117578903
224 176.87698706632267
228 173.30580104763732
232 169.46135148769378
236 166.02209174337233
