64 184.9396751701605
68 187.6779235841884
72 190.86059066153797
76 193.89388070773106
80 196.50641130292274
84 198.79362758073168
88 200.72164718962694
92 202.5135511706779
96 204.3176943054414
100 206.09072039299252
104 207.44314294930703
108 208.54564994544157
112 209.7029760841168
116 210.70225700980612
120 211.5619005352955
124 212.13384256370188
128 212.67623094681562
132 213.1466475971051
136 213.46794611163355
140 213.61935068293616
144 213.5252457946387
148 213.19800747476765
152 212.80387336667317
156 212.2177789419813
160 211.42020818619199
164 210.602163017514
168 209.6255607859155
172 208.39211708909076
176 206.9675604489783
180 205.322098976955
184 203.69922465482108
188 201.83587972271482
192 199.85782597744634
196 197.6231305802592
200 195.14842652400466
204 192.42345146690442
208 189.57504012748694
212 186.4813462528189
216 183.22062975783115
220 179.91351609311627
224 176.19467271332886
228 172.61087473458923
232 167.98163833122118
236 165.32851214917056
