64 185.41354520136588
68 188.21384101059783
72 191.12077116960563
76 193.76754337696312
80 196.4226110874111
84 198.73670882945146
88 200.80352172747445
92 202.68669156314218
96 204.3425678181909
104 207.34896294518248
108 208.8197597220776
116 210.86052334665467
120 211.5994126422522
124 212.25008568991893
128 212.84542260923462
132 213.29735444638501
136 213.58002599468895
144 213.70406862151128
148 213.35592585252925
152 212.83574406705597
156 212.17057161301219
160 211.4070034374285
164 210.69265020267767
168 209.6179489602676
172 208.4118065812415
176 207.08359227634563
180 205.47913744511385
184 203.84302033151076
188 202.0676054658348
192 200.08836006088052
196 197.74180244099864
200 195.12675016511656
204 192.256154000422
208 189.4353455444652
212 186.60977273985407
216 183.49146303261864
220 180.1951002575534
224 176.56357218799178
228 173.37080760825296
232 168.8540351986839
236 166.7636478021799
