64 187.15728173341648
68 189.93353448357345
72 192.74516137031515
76 195.60057137575325
80 198.25029525428226
84 200.60917878531106
88 202.70044606621997
92 204.55589866664272
96 206.26285355381933
100 207.71944862236467
104 209.11303537083944
108 210.4018088238955
112 211.4758397762583
116 212.4631298067541
120 213.30125664905472
128 214.1698602130879
132 214.36743344689768
136 214.55249495984984
140 214.58562187368673
144 214.52226560986946
148 214.4246269833609
152 214.23571784715244
156 213.7474865726157
160 213.02183805249516
164 212.0892214479963
168 210.98991827621444
172 209.82549585353146
176 208.5188500538112
180 207.05829633803899
184 205.19477394744519
188 203.22209329662775
192 201.06832640499667
196 198.87857461748754
200 196.2863367863611
204 193.55916291582034
208 190.79473192433915
212 187.95031946417248
216 184.86682247611623
220 181.1674487380274
224 177.20130079770536
228 173.6386166297984
232 170.21278358770948
236 168.5164559357329
