64 186.25655008366584
68 189.5982894293583
72 192.5640798068657
76 195.18796022019086
80 197.70683232821318
84 200.00465093577412
88 201.95757663145008
92 203.69958407631827
96 205.30117044438757
100 206.8861885185984
104 208.66667524228188
108 209.91827230750027
112 210.89174975390512
116 211.69104746608383
120 212.55937966477745
124 213.2756382241937
128 213.80487371195613
136 214.3469272175043
140 214.36561414498172
144 214.22409128659348
152 213.6441711662194
156 213.04912724067185
160 212.41362752790093
164 211.5251200803385
168 210.55313968301962
172 209.57646234733315
176 208.29736620654802
180 206.71335084153958
184 204.98859863206764
188 202.9994134246703
192 200.85292251849506
196 198.51153535579957
200 195.96955255796533
204 193.36306050435917
208 190.5564066182362
212 187.7774956035305
216 184.73624823271274
220 181.2661275609459
224 177.46109735501068
228 173.63858736427414
232 169.50166675045682
236 167.39531638863804
