64 185.5978315885086
68 188.67883348222378
72 191.81892373696886
76 194.57317918131884
80 196.9598579808955
84 199.18414277489143
88 201.34281501198433
92 203.2460033497518
96 204.9656995439397
100 206.52955762675404
104 208.1028817645959
108 209.28472821980637
112 210.42682926928148
116 211.3357149126272
120 212.11708000546307
124 212.7010451156928
128 213.24685824059281
132 213.57136407937352
148 213.78382369443688
152 213.35524486015564
156 212.63971720231217
160 211.76581243147436
164 210.96844994056823
172 208.87050648992425
176 207.45126157755953
180 205.73994842034995
184 203.945822796297
188 201.94035663085492
192 199.88817025733192
196 197.65538772088252
200 195.11797895206368
204 192.5596802412205
208 189.7931250968307
212 186.57786065145055
216 183.15620968180139
220 179.73509709505976
224 176.27956827887792
228 172.96294455164605
232 168.35537714796084
