64 185.06652575444798
68 188.05458721305035
72 191.14316903769378
76 194.1131824662377
80 196.54990181419788
84 198.89036767986005
88 201.05254814520057
92 203.06554913400532
96 204.72433121618752
100 206.1174803993215
104 207.44566057303058
108 208.74997309549795
112 209.8926382599113
116 210.74632305281625
120 211.57307855610543
124 212.22206611269092
128 212.80097792228634
132 213.1311388450971
136 213.47150389506766
140 213.70030535788732
144 213.6665416422943
148 213.41032997542214
152 212.92608050989455
156 212.2298239601147
160 211.47622906091266
164 210.78494927562005
168 209.6304586841525
172 208.49764364440693
176 207.23095321442545
180 205.55080261847993
184 203.71261450710224
188 201.82381213494676
192 199.73615015287555
196 197.39589645269413
200 194.91611422632235
204 192.25652971385668
208 189.4971259135836
212 186.68390018075002
216 183.5437823420352
220 180.27198181510167
224 176.673383516418
228 172.7308391070209
232 167.89996718998586
