64 186.78131615084953
68 189.51249548084888
72 192.37019275196394
76 195.2060052645287
80 197.8135483182448
84 200.16943530325202
88 202.34244150956317
92 204.32726320180612
96 206.075462717158
100 207.58676259237006
104 209.00711947517783
108 210.24721357390257
112 211.41008351573976
116 212.1645306442699
120 212.92629687906262
124 213.45141902894102
132 214.3469698062704
136 214.4260012001822
140 214.4706181311408
144 214.49839985184627
148 214.3372706562305
156 213.5203731262347
160 212.76170833876466
164 211.8253584684258
168 210.7426228160263
172 209.5966914022974
176 208.20133931157233
180 206.72595673637636
184 205.0961891253549
188 203.28852197451315
192 201.14746683855708
196 198.72327451331643
200 196.1961302345718
204 193.54874005040193
208 190.977040217672
212 188.00965958913247
216 184.59610347192296
220 181.2880432945293
224 177.8868662169799
228 173.79176126831084
232 169.9096910264071
