64 185.4908831390641
68 188.14857942928705
72 191.21219039460314
76 194.15701672639187
80 196.59349377225914
84 198.81131109342607
88 200.8972076120546
92 202.90474187092542
96 204.62386273255183
100 206.18517756234172
104 207.63450436664385
108 208.98095277615454
112 210.24495849110235
116 211.12013097145385
120 211.9016103592716
124 212.55696049609213
128 213.19316455314194
132 213.5392919636966
136 213.7093035623057
140 213.7701037959274
148 213.59968977968165
152 213.01812172413472
156 212.4091916828545
160 211.65927202352617
164 210.89487751664285
168 209.8393121856741
172 208.8036356645238
176 207.41777304060957
180 205.82165676611405
184 204.10289781631172
188 202.10746781208934
192 200.04283991784797
196 197.8019531610218
200 195.31741164676754
204 192.54672453835957
208 189.62246319019096
212 186.86926062881318
216 183.72796250345345
220 180.46469453718555
224 177.02404586055195
228 173.43125569705882
232 168.8218043332979
