64 185.2319145176058
68 188.53872733335606
72 191.5409112828924
76 194.33865151773188
80 196.77284688765053
84 199.29669645832527
88 201.56929303845985
92 203.379455738969
96 205.0377957959858
100 206.581223671355
104 208.06675453650385
108 209.25536880161863
112 210.39902259435448
116 211.19962186565013
120 212.09121234992404
124 212.80976610881842
128 213.43386743666417
132 213.79453250892155
148 213.76613538378473
152 213.3153835097106
156 212.61506575339308
160 211.73916081464787
164 211.0299681722705
172 208.97325700082212
176 207.6770547345566
180 206.1888447240759
184 204.47367773217997
188 202.52315767378406
192 200.43736881904965
196 198.34111936832016
200 195.69766150336997
204 192.82822229535964
208 189.88422113172925
212 187.02472381658356
216 183.95197697441807
220 180.67744352342805
224 176.78873401151878
228 172.99376674480337
232 168.18135196843474
236 167.29322304471225
