64 185.9150200356317
68 188.64448615449697
72 191.33555395867458
76 194.04618664349323
80 196.61616749146958
84 199.08426936539695
88 201.21900116193095
92 203.09607133377926
96 204.92192838451325
100 206.49087420043764
104 208.08284291645495
108 209.35655337382275
112 210.55172808178102
116 211.2560796755501
120 212.02909202962908
124 212.62075487412767
128 213.29841291422937
132 213.6110820220817
136 213.85509625863034
148 213.70247174674583
152 213.19144863023817
156 212.52748806345073
160 211.68886707857143
164 210.90902099672212
172 208.95705991954705
176 207.72559591408518
180 206.0216320641862
184 204.1969400509626
188 202.288264122196
192 200.1709833490733
196 197.89797523932432
200 195.35206385201036
204 192.4903774640014
208 189.58237773269434
212 186.55427558674484
216 183.34559171167317
220 180.1092732216424
224 176.47514936838218
228 172.98619503487004
232 168.73544520671066
