64 184.99060886022048
68 188.24866052809793
72 191.33732393492232
76 194.3287687363275
80 196.83188577332916
84 199.15100734527192
88 201.3359211448942
92 203.18166155542394
96 204.9703933483533
100 206.5664899481919
104 207.91110210280746
108 209.22324817788228
112 210.3567165462772
116 211.20022322061232
120 211.98396645534257
124 212.66818382082965
128 213.27688179730768
132 213.66340608287234
148 213.7021405483567
152 213.29153090276236
156 212.6943518293287
160 211.95666968957536
164 211.16776451488988
168 210.13819888608825
172 209.00855774448613
176 207.75543720637003
180 206.23598267791255
184 204.43898996281976
188 202.53778082485118
192 200.22760420895418
196 197.85640042277515
200 195.41224237762145
204 192.76658158050458
208 189.92637149373928
212 187.1638827798614
216 184.0391704873399
220 180.47042030674322
224 176.46244103515642
228 172.80967592891437
232 168.03116074402598
