60 184.91268589792634
64 186.8810868468517
68 189.8918478370324
72 192.98316167984365
76 195.80410621468457
80 198.40723467208173
84 200.66800269152708
88 202.7886800337668
92 204.61051225950212
96 206.3680817867774
100 207.96996458632947
104 209.550473677317
108 210.78738926514086
112 212.0532279152501
116 212.87566249728212
120 213.47361590768142
128 214.39846493379176
132 214.68924215156034
136 214.92007969052418
140 214.8949847118783
144 214.7948774330343
148 214.68438510367562
152 214.44962082765403
160 213.13753454040787
164 212.209193111766
168 211.3041801480907
172 210.18524350881285
176 208.8814061938338
180 207.27088784158545
184 205.36145521236756
188 203.4707548939672
192 201.3344905205895
196 198.84345733397805
200 196.28104700100462
204 193.55715777705967
208 190.550497557574
212 187.58882550276567
216 184.43591647300158
220 181.30345691202388
224 177.96796954751034
228 174.16833836982744
232 170.4137697342652
