60 184.72149622977471
64 187.0410194468626
68 190.82677193582856
72 193.78836683200308
76 196.44071062145008
80 198.66227848613863
84 200.87069628806225
88 202.9816193829888
92 204.8443825896822
96 206.54492683622254
100 208.14736046766578
104 209.70498204762575
108 211.03927090814392
112 212.13700550722228
116 212.9518405535092
120 213.75428981804828
124 214.35425866677417
128 214.62559377727175
132 214.9259444580527
136 215.32032992604525
140 215.43228889073652
144 215.3435611921663
148 215.05084177160023
152 214.55801114251855
156 214.12878285542618
160 213.47660481299818
164 212.64753787808525
168 211.54798373729827
172 210.3799151333628
176 208.90313852274073
180 207.22329312015083
184 205.20431178842415
188 203.22522569767676
192 201.13963251236396
196 198.8280747298776
200 196.23126580745674
204 193.57527213374368
208 190.7664129644374
212 187.6420694587186
216 184.47037135493596
220 181.27348298781095
224 177.50710904989975
228 174.04218613264823
232 170.32114616275902
