64 187.86858114123925
68 190.93886441094475
72 194.00888334108387
76 196.6358965923817
80 198.81258375452632
84 201.178487446642
88 203.28750573855882
92 205.17115080915332
96 206.92944032465257
100 208.54358843063562
108 211.27461556686814
112 212.27564274694612
116 213.16149080637402
124 214.47952043873929
128 214.92435129718746
132 215.34480103717738
136 215.61265765727694
140 215.76080392229275
144 215.5852921492637
148 215.27613149891516
152 214.76152672309402
156 214.33554628613342
160 213.73752221776104
164 212.90624743502838
168 211.94301402057818
172 210.58003420958943
176 209.04292326131736
180 207.49167595807296
184 205.69817361999043
188 203.72428989706364
192 201.51393811177255
196 199.35494164652835
200 196.7673420955163
204 193.9813409618822
208 191.24446710102563
212 188.28880604511517
216 185.05303830644613
220 181.77210154419464
224 178.1437072517152
228 174.46135330018024
232 170.55219944088452
