64 187.5442945800525
68 191.06137467636125
72 194.0082799625843
76 196.61820440971297
80 199.06064851253734
84 201.29219225876244
88 203.3992949039536
92 205.24772689954148
96 206.98153360891004
100 208.53623606238216
108 211.2605537803479
112 212.28499670158035
116 213.3391907659772
124 214.56756891974385
128 214.99127984010823
132 215.3438667056277
136 215.66320333242064
140 215.74992848555752
144 215.66869620962322
148 215.39256147605886
152 214.79594257101917
156 214.29370086713865
160 213.70565362997894
164 212.9586442516649
168 212.11533676069908
172 210.92252800440033
176 209.31620254124425
180 207.69740921508213
184 205.8816757421804
188 203.9427024502207
192 201.79652066708942
196 199.48678352935985
200 196.9755201692096
204 194.51294714588374
208 191.74519536850843
212 188.962678251297
216 185.67611890920563
220 182.15330440213052
224 178.47093278244512
228 174.90390769561816
232 170.86782511115845
