60 184.57652377513094
64 187.10857252535789
68 190.05343544205562
72 192.88967478066678
76 195.37608497819065
80 198.0385297881963
84 200.38120907135936
88 202.5691167009656
92 204.52827690521778
96 206.30210735082974
100 207.83892863901065
104 209.35488566370765
108 210.60928715033242
112 211.8241165468341
116 212.73920862286454
120 213.37939541191423
124 213.85869065316382
128 214.22393971162117
132 214.4768419129483
136 214.55692491090028
140 214.54059641594074
144 214.57580634449806
148 214.47305456427046
152 214.21582542580376
156 213.7782395733804
160 213.12701782527
164 212.33662557826233
168 211.14349217309248
172 209.74202278999846
176 208.3247364481152
180 206.8487902918731
184 204.95330915928486
188 202.9841885618534
192 200.8095783504516
196 198.5787576822079
200 196.08954629582735
204 193.5370650134572
208 190.79723097992257
212 187.75891097510086
216 184.65015400466837
220 181.16317462446784
224 177.50220048888707
228 173.93065992457878
232 170.52799245293573
