64 186.8551434256587
68 190.04955060520962
72 192.96806453836047
76 195.60190016085926
80 198.23109391820248
84 200.52863974191385
88 202.5925949207085
92 204.4341076887358
96 206.1152780827485
100 207.61818762469466
104 209.1759033264448
108 210.56591234847448
112 211.77885790614656
116 212.7474768010987
120 213.41656247921037
128 214.26118886825967
132 214.46430246959278
136 214.57552414267593
140 214.57957501594854
144 214.57588168313538
148 214.47716305499188
152 214.27254976991347
156 213.8003319518333
160 213.1092003100345
164 212.26820781043406
168 211.12320918913656
176 208.6291686068904
180 207.01254375243067
184 205.12076390450926
188 203.27957495429092
192 201.21621708596587
196 198.9225411771961
200 196.32315828671005
204 193.60921807418015
208 190.9018780582852
212 187.9705659270636
216 184.74183632723725
220 181.31555033707048
224 177.84874702927098
228 173.97769072150612
232 170.10753099059605
