64 187.18737115296284
68 190.47118989625395
72 193.28465045395654
76 195.89966336461134
80 198.45115678417397
84 200.6766575764783
88 202.76734034537924
92 204.66731801057594
96 206.39164049492786
100 207.87169631770547
104 209.17458560801396
108 210.5502800999365
112 211.7362409934372
116 212.71658314051254
120 213.58568529510092
128 214.27393579917032
132 214.60458977724153
136 214.74847105864745
140 214.83971843062255
144 214.73507557606627
148 214.550909574613
152 214.35061837250208
156 213.86368799302772
160 213.07407072497935
164 212.05395480611315
168 211.13805101718052
176 208.64312428646335
180 207.13289775563254
184 205.20089105880092
188 203.27306510563713
192 201.1327898767408
196 198.7842186194379
200 196.3242818023897
204 193.67092025422545
208 190.83372956570827
212 187.90301470314273
216 184.686892045812
220 181.00462296207013
224 177.61365941576668
228 174.0082881429139
232 169.8356672453146
