60 184.5089732660157
64 186.8636397224755
68 190.2799630204541
72 193.29496897958413
76 195.83824639340264
80 198.36185279410338
84 200.69278048387054
88 202.7765665151769
92 204.56822776115916
96 206.33473766954486
100 207.99949923104816
104 209.56294037589387
108 210.73013748360532
112 211.92293984750475
116 212.7433909193715
120 213.39187040822478
128 214.31367411465672
132 214.5712481113873
136 214.66806526558713
140 214.54728268523263
144 214.5696265882384
148 214.46175312842615
152 214.2770765899999
160 213.21328857581187
164 212.43803491373555
168 211.29106489080866
176 208.61391426604303
180 207.08224119656376
184 205.2543693106136
188 203.39281670332414
192 201.1015102729368
196 198.7757786886625
200 196.19046027227964
204 193.52643723269944
208 190.64508767997572
212 187.54160988818393
216 184.17408451030033
220 180.81896365330522
224 176.99063212688094
228 173.51221422894508
232 170.1070654788232
