60 184.70068558495484
64 187.09138735119103
68 190.06650709291011
72 192.9762907094961
76 195.73305006194636
80 198.4335049918849
84 200.7550512799651
88 202.8378310636852
92 204.6746714708841
96 206.26469760190514
100 207.69498692807036
104 209.18048900724176
108 210.52185215448702
112 211.72639660368085
116 212.7428327372868
120 213.58811043291445
128 214.35215067619316
132 214.4672813887898
136 214.56705424342957
140 214.53618878290143
144 214.48724272103306
148 214.43533545953468
152 214.2092037354185
156 213.73204963256495
160 213.00328499337473
164 212.15734927336618
168 211.18091266708788
176 208.5469066283788
180 206.86854246094956
184 205.0688424674865
188 203.2533914928229
192 201.17402318265692
196 198.86028429542841
200 196.25801371717043
204 193.3840218574887
208 190.43644150236727
212 187.51182395346402
216 184.37473588384
220 181.08008978880048
224 177.41094363914746
228 173.92012715891053
232 170.2762056897705
