64 187.4682991391319
68 190.7253240195347
72 193.86734635655523
76 196.4017218915999
80 198.7393920363231
84 200.9652493612981
88 203.0256366295838
92 204.89877998648922
96 206.66239431221368
100 208.28588032765663
104 209.83410509284772
108 211.09376803377708
112 212.1463173165437
116 213.12191674651498
124 214.35990076877988
128 214.75319650212873
132 215.15568006897146
136 215.5829192378307
140 215.63435599085244
144 215.47721908198406
148 215.2619564644134
152 214.77600329806708
156 214.18170303258736
160 213.55251393568068
164 212.84511299701114
168 211.93901818564396
172 210.815928581473
176 209.1328248389124
180 207.45472690040344
184 205.56017236157476
188 203.55539039018322
192 201.43379803313235
196 199.29099184797352
200 196.86665992107288
204 194.08114061753116
208 191.0582933377045
212 188.1083638916805
216 184.84764681517794
220 181.39300091759074
224 178.0902525213976
228 174.36747916421712
232 170.46851958410946
