60 185.34191631406128
64 187.95255349045738
68 191.1063570212059
72 193.84107570548596
76 196.31609831921335
80 198.69329196828286
84 201.00107418908055
88 203.1240747617971
92 205.0930080302188
96 206.86051929083496
100 208.48985854808748
108 211.1997798737559
112 212.27445749934114
116 213.28543623647766
124 214.36700846119322
128 214.68417195877416
132 215.07328644670432
136 215.44413808021827
140 215.5903053048361
144 215.52999363346788
148 215.19535771368936
152 214.6415767297014
156 214.2055715593932
160 213.49048039102036
164 212.6069145804556
168 211.4400695629217
172 210.31051791860313
176 209.0361782715269
180 207.52425058293937
184 205.68910070808937
188 203.78591380698478
192 201.6777194032697
196 199.17371375643106
200 196.50346735110665
204 193.72103205745216
208 190.91776398716655
212 187.97720753100657
216 184.84704696914366
220 181.55479086670795
224 178.239671496737
228 174.66584444710406
232 170.27959543797664
