60 183.99815724603633
64 186.55746998397368
68 189.3779251521018
72 191.94176761706436
76 194.4423435802633
80 196.85503278699605
84 199.36414563932576
88 201.4664237673499
92 203.245048807737
96 204.97042240693844
100 206.63910706945663
104 208.36655859227133
108 209.56684747772567
112 210.811274893025
116 211.66542636855493
120 212.50063770295662
124 213.13268605045658
128 213.6288558302103
136 214.25617151811684
140 214.29148369074105
148 213.84348292974272
152 213.51970381622328
156 213.01589411971088
160 212.46420510924966
164 211.72794307281245
168 210.5851377482222
172 209.14918434268918
176 207.82830580468612
180 206.37542212195706
184 204.63203293442587
188 202.73879442671335
192 200.62691301497222
196 198.45557032442068
200 196.010506651392
204 193.35001922938085
208 190.662370351197
212 187.739063700127
216 184.4406373421686
220 180.6548293000047
224 177.19811892310798
228 173.78095319178072
232 169.61458330732802
236 167.6384500781793
