60 184.78270804094578
64 187.0322929325058
68 190.78998026593854
72 193.84111226210396
76 196.42627845987943
80 198.88256371111038
84 200.98724571285638
88 203.0145247105312
92 204.8632200223437
96 206.62475156458748
100 208.31235451182158
104 209.7282811928408
108 210.97037110052597
112 211.97195030155007
116 212.86004824155714
120 213.67222377440217
124 214.1892617653177
128 214.4291433565179
132 214.7377221947735
136 215.2198158097552
140 215.30574314992342
144 215.14041886413398
148 214.73292699845206
152 214.37016065198173
160 213.48887673123602
164 212.63675845506938
168 211.49176863185227
172 210.21889204666806
176 208.77905262163128
180 207.20003736732068
184 205.4057308246343
188 203.4707950592461
192 201.2218223119639
196 198.86463833012758
200 196.3371671679459
204 193.60246987546026
208 190.9256975959808
212 188.01769295554118
216 184.80533410459776
220 181.53374983385496
224 178.21356454997843
228 174.43021193172075
232 170.57893553682538
