64 187.89103308520686
68 191.20731673702238
72 194.32467480235158
76 196.98437152269364
80 199.29736157661796
84 201.50660475764212
88 203.61615260556383
92 205.39207322844135
96 207.15161387937255
100 208.9090866269731
104 210.3072403671739
108 211.53189676863235
112 212.63793830842064
116 213.58693915139736
120 214.14174339204203
124 214.5705368879296
128 214.955082850773
132 215.40685203468723
136 215.7157891308324
140 215.79602724843295
144 215.67933493976838
148 215.4170160822521
152 214.87469968501978
156 214.43867024803365
160 213.7164972511892
164 212.88570731517538
168 211.89806776847965
172 210.69992588210346
176 209.21826544989912
180 207.54485889135378
184 205.69992606560464
188 203.87323877226768
192 201.89396676826243
196 199.57029226360933
200 196.96220024771796
204 194.19805727618612
208 191.34080015231464
212 188.42875299349907
216 185.25897439048904
220 181.96445229656382
224 178.2063610856785
228 174.28428617100332
232 170.25512379977042
