64 185.3537357997601
68 188.51262283952363
72 191.4695835151022
76 194.25916747672682
80 196.71820917344436
84 199.10342329755875
88 201.26126961040723
92 203.12291436639248
96 204.83704934732543
100 206.32587617271417
104 207.77519315461873
108 209.2211916505685
112 210.50881812985648
116 211.37185857191696
120 212.20817562242718
124 212.7382844045811
128 213.30393448403507
132 213.6721542370638
148 213.67029124710837
152 213.44661215114365
156 213.0239690339871
160 212.3533508771481
164 211.45408923580618
168 210.35839298641417
172 208.92162646306605
176 207.5223855783529
180 206.06990313200708
184 204.35924352703435
188 202.293414377283
192 200.24810086753675
196 197.98396763062414
200 195.50418766528657
204 192.98301128863898
208 190.5753058347658
212 187.69615258956878
216 184.25296916677792
220 180.7036445485694
224 176.8397464045346
228 173.51164798393137
232 169.3990793898739
236 166.53865750783342
