64 188.0096084216081
68 191.14676952691184
72 194.20921610744878
76 196.68911843522895
80 199.101370016703
84 201.35801257165127
88 203.5273880475052
92 205.27279199334774
96 206.9950378041716
100 208.4883535945623
108 211.20545358696992
112 212.2729626863384
116 213.24068055276496
124 214.48875343281543
128 214.74695433366128
132 215.09711078980297
136 215.47473971709866
140 215.63471951261005
144 215.5116318596663
148 215.16400723570945
152 214.6301243035632
156 214.1816096464246
160 213.4344243233563
164 212.52507659283373
168 211.48987946735267
172 210.47287876051334
176 209.127429438428
180 207.61172867877207
184 205.71843320914724
188 203.65139654052243
192 201.4127285152209
196 199.16373756568265
200 196.6978378571363
204 194.09327087333776
208 191.3017738139707
212 188.41590664655092
216 185.20513159146725
220 181.74880776671347
224 178.11674285769246
228 174.54348715492364
232 170.52449494424636
