64 185.3975222459099
68 188.68081007196105
72 191.5696715292178
76 194.26219975106147
80 196.79172284281952
84 199.19913183669453
88 201.3028594995214
92 203.27857729435397
96 205.0100828123375
100 206.5397447956496
104 208.15866047605988
108 209.36538658911525
112 210.4779665054402
116 211.21864521950775
120 212.14246148360326
124 212.9735136984917
128 213.50496422491233
140 214.17438480187465
152 213.76473159923455
156 213.42610206298383
160 212.72557570969036
164 211.7017728967603
168 210.56732899929324
172 209.03004147156236
176 207.65820720248328
180 206.0997702840339
184 204.61722338745454
188 202.84106238744567
192 200.7081394573732
196 198.47171939419871
200 195.9332802321356
204 193.2465950041194
208 190.39799683459816
212 187.26825722570197
216 184.1445894650681
220 180.90572606178807
224 177.28182097284966
228 173.58648091142885
232 169.39655693617408
236 166.96341772012204
