64 186.7731757429683
68 189.8940974192015
72 192.5731181108125
76 194.95119255904663
80 197.52064711953844
84 199.85011708855308
88 202.03111022351558
92 203.9967220750066
96 205.91929781485916
100 207.5573579777029
104 208.86301318662174
112 211.22168037292533
116 212.11593449795149
120 213.0176912036509
124 213.59034556399928
132 214.32212254359894
136 214.4598710920193
140 214.4504685464883
144 214.4464766543612
148 214.39957295779334
152 214.20145187636697
156 213.75421837368322
160 213.14463750798194
164 212.3387210479032
168 211.2329620080254
172 209.93553365965082
176 208.50636404113692
180 207.05687956788898
184 205.3470701284253
188 203.5165410969733
192 201.47995509818432
196 199.2049757160589
200 196.51647989947074
204 193.89166528330395
208 191.28876800252004
212 188.3224057085888
216 185.0457758632836
220 181.53268015023883
224 178.09744817254438
228 174.47806854425218
232 170.49694315058804
236 168.29157298040076
