60 184.55306754012653
64 186.92711017978
68 189.90783942833383
72 192.7852051693425
76 195.27046763115
80 197.73607345710383
84 200.18960560907104
88 202.35238977352228
92 204.24879691954135
96 206.1813066351226
100 207.81721235037554
104 209.1478010507655
108 210.35675293105592
112 211.49000120823098
116 212.3229211650485
120 213.12864960987042
124 213.79334318623398
128 214.22374787338813
132 214.43111235332617
136 214.52192229990277
140 214.5534024860415
144 214.53905604922696
148 214.3678559467969
156 213.59352931124627
160 213.04132986785237
164 212.46955347989288
168 211.3748581709342
176 208.66767752534008
180 207.10024439914667
184 205.21313006473883
188 203.3634666103221
192 201.26018666055904
196 198.97244335073952
200 196.25531261235014
204 193.45639413086246
208 190.63215396236976
212 187.68346048707255
216 184.71230873140576
220 181.32259380600487
224 177.42757050258848
228 173.84648810793118
232 170.11680097688748
