60 184.09118585566142
64 186.9112153835719
68 190.00177354515077
72 192.81833629121758
76 195.3979851512937
80 197.87028188659153
84 200.23908749954066
88 202.3354016390315
92 204.27378973093727
96 206.13401684237053
100 207.819601619004
104 209.07952263994736
108 210.2448954185357
112 211.34784950165226
116 212.13081344894402
120 212.93459934198233
124 213.471069433869
132 214.34171989972367
136 214.51305938231195
140 214.5318862646626
144 214.4508824606353
148 214.3559229201098
156 213.61165312715994
160 212.95646545956117
164 212.26115477815637
168 211.12912869980892
172 209.8509351468553
176 208.52404672532487
180 207.0658910508119
184 205.32083742375
188 203.47619382351917
192 201.46063534671217
196 199.13339656132692
200 196.4219195196002
204 193.5911292293756
208 190.91760993314537
212 187.86645001006343
216 184.77776322950814
220 181.17424267343773
224 177.39122652415716
228 173.86511603475105
232 169.44282872559072
