84 191.0733373712393
88 193.39629799130847
92 195.74724088397477
96 198.0565383022149
100 200.12588515546906
108 203.6720629543986
112 205.01432832522465
116 206.2747972730096
120 207.50533843484337
124 208.4501625014147
128 209.35736725811734
132 210.11676788204463
136 210.66506828839712
140 211.18601197744505
144 211.6227895445616
148 211.86513997393405
152 211.98765388946094
156 211.90236024072033
160 211.60874054045246
164 211.26142188280602
168 210.68834034994714
176 209.04743579529375
180 207.94835765703212
184 206.6066856883299
188 205.28648425708786
192 203.85383130495023
196 202.04851621926173
200 200.06378112989896
204 197.75548981649376
208 195.5165789106286
212 193.02894649289829
216 190.34996894496498
220 187.43958169561927
224 184.5611783518745
228 181.37573827794645
232 177.98253963598256
236 174.4765404128239
240 170.55368478372895
244 165.98644253462356
248 161.6001888612372
