64 184.1747843794356
68 187.62740762096522
72 190.72633733272062
76 193.39622692981936
80 195.88185938039055
84 198.1799070741821
88 200.39424379428544
92 202.46747952235268
96 204.42934136609702
100 206.0772036103759
104 207.56550880547158
108 208.7078733559628
112 209.7571648811698
116 210.79418734046897
120 211.7370957174686
124 212.45547538089644
128 212.89140019439316
132 213.3214899684691
136 213.74273581163104
148 213.65277157121008
152 213.1595610285268
156 212.51338027002203
160 211.70640362194902
164 211.1130305358997
168 210.10933887326317
172 208.85612393800363
176 207.59068351311205
180 206.09598235782818
184 204.40619191916147
188 202.58631209004557
192 200.4625640859445
196 198.13483577225756
200 195.7194346425682
204 193.1158879568157
208 190.4505684711467
212 187.61557546889634
216 184.48011307988622
220 181.05431903411653
224 177.56639363888206
228 173.76463440028473
232 169.97861850302513
236 166.46550451325874
