64 184.82891983916787
68 187.58098642946345
72 190.5705240654786
76 193.4329474967653
80 196.03904582916164
84 198.32064059119097
88 200.32754447792092
92 202.29880558868456
96 204.24732807213783
104 207.32902568439846
108 208.50273288884677
112 209.80010573477819
116 210.7085579392675
120 211.6135808551345
124 212.07552303696832
128 212.63973193742464
132 213.0290751449412
136 213.3675758817026
140 213.33264524181553
144 213.22308727800618
148 212.9146644806721
152 212.572712496884
156 212.03958356826388
160 211.3781812624822
164 210.62533018604105
168 209.64025216677962
172 208.4718322213104
176 207.02554209769704
180 205.42284224786547
184 203.7403920470787
188 201.78035287880104
192 199.7295079790581
196 197.44259270461686
200 194.97902609796037
204 192.30827170372393
208 189.4700157093709
212 186.48567683453476
216 183.34871769068002
220 180.08130484998807
224 176.5739267812667
228 173.0506686465704
232 168.7578546351154
236 165.11000848103117
