104 200.0876665458157
108 201.42197685511573
112 202.72288929379417
116 204.01633634939455
120 205.45620008715366
124 206.3542232644956
128 207.01208181651464
132 207.63029182820324
136 208.16501475626384
140 208.54097661070656
144 208.729992094198
148 209.02038135973834
152 209.19263422487737
156 209.07941314295482
160 208.77572014783328
164 208.3225486072651
168 207.70146117693824
172 207.03851302536955
176 206.22030927688542
180 205.14874642742595
184 203.88941180724171
188 202.6405681100501
192 200.9604144407483
196 199.22027684772416
200 197.13463294092645
204 194.89084813252973
208 192.5701982382696
212 190.10614125591337
216 187.455438356223
220 184.51831844658506
224 181.38184247724547
228 178.335355689352
232 174.91265268855884
236 171.07413289229777
240 166.9750740405147
244 162.7251124170175
248 158.37802037524614
252 155.50991297917048
