64 185.41396535533534
68 188.5791515887541
72 191.3692437441525
76 194.04005545395262
80 196.5782500793685
84 198.90429536359477
88 200.96603687032064
92 202.72515239940284
96 204.53078896672676
100 206.3274684115458
104 207.848165987363
108 209.0971437528184
112 210.1585999486285
116 211.00321581601526
120 211.89432736805597
124 212.6389468971086
128 213.15223943725178
132 213.56095236693065
148 213.73712850801593
152 213.41680280446985
156 212.95370220277505
160 212.22448751055853
164 211.4162758050262
168 210.43501482708626
172 209.0301620799421
176 207.56080600853082
180 205.9640409801053
184 204.26760185094227
188 202.47674903304372
192 200.28948968234744
196 198.06604494101086
200 195.68576467756964
204 193.10774109765345
208 190.43831139164934
212 187.36728561638722
216 184.00212250485367
220 180.50784752908666
224 176.6839527284221
228 173.23761615323684
232 169.0133970138732
236 166.7271562402043
