84 192.00331387037642
88 194.09504070637894
92 196.4336947978693
96 198.73119814634097
100 200.85294426837552
104 202.8862020356393
108 204.6478054344608
112 206.13459193956186
116 207.53211050621553
120 208.89636141100235
128 210.92163249661158
132 211.7541839986083
136 212.40486260792827
140 213.14315840426647
144 213.54158188838335
148 213.8322882475092
160 213.81383792493688
164 213.50148144331047
168 212.89031893291917
172 212.1679608999052
176 211.25849446884854
180 210.43325554279977
184 209.43836323812636
188 208.20154000930853
192 206.65617062932043
196 204.8109466600188
200 202.94552522787825
204 200.95088094295897
208 198.70296847728764
212 196.32025926821905
216 193.68027015722686
220 190.9238730653745
224 187.9066772663454
228 184.82534863983096
232 181.52542981936944
236 178.14600876501441
240 174.24945552039344
244 170.60543536988126
248 165.68223162507527
