96 196.4249602298362
100 198.03169765387202
104 199.88165860559957
108 201.44282786793943
112 203.18496505651046
116 204.6058237025862
120 205.87922270400216
124 206.9083935022318
128 207.7100180627791
132 208.57567389403604
136 209.2504952402321
144 210.26470717676364
148 210.43681170441445
152 210.57942294963163
156 210.57202036828346
160 210.38302092689577
168 209.34813981041412
172 208.58844561096606
176 207.8239862112518
180 206.9348269199554
184 205.79640983201298
188 204.64188937113187
192 203.19306931964695
196 201.2670010049331
200 199.27187426609368
204 197.22482266776242
208 195.18070049611921
212 192.79545077866743
216 190.16792543807543
220 187.3154550845769
224 184.09865440841924
228 180.6759201877893
232 177.0384026189941
236 173.62296971634854
240 169.89352781313903
244 165.43906894647117
248 159.37815935419803
252 156.79050858518139
