88 195.98878528432363
92 198.05372097933267
96 199.9906613992347
100 201.84110758164928
104 203.79960555247254
108 205.53278704273933
112 207.0589987810925
116 208.47503018989661
120 209.86940263097608
124 210.96261502382572
128 212.06159565183518
132 212.82106489190906
136 213.47700579481386
144 214.44349591043445
148 214.5337719295169
152 214.62460366620388
156 214.65773419093458
160 214.6222535467541
164 214.39210776868154
172 213.41925679670553
176 212.66793667746526
180 211.92756604518885
184 210.69205065738413
188 209.33765774926232
192 207.7708079424736
196 206.06097564249447
200 204.23568253853185
204 202.13063778455066
208 199.8645811367298
212 197.46420433620165
216 194.9685618920136
220 192.29930012369363
224 189.44969523077765
228 186.4844830481535
232 183.04168518112493
236 179.4305156811311
240 175.57625361669585
244 172.07090116183775
248 167.0416901403113
