64 184.5791764794924
68 187.90033061164718
72 190.75516212242172
76 193.22425532181921
80 195.8096586713542
84 198.19169850790064
88 200.45672609896948
92 202.38654538523284
96 204.20579513949318
100 205.75098330362806
104 207.26752607928017
108 208.6086063574479
112 209.856692110312
116 210.7908557435024
120 211.74521088317863
124 212.38929823938508
128 212.93815037291373
132 213.28371447897933
136 213.59385770091558
140 213.7817745871781
148 213.6312924381143
152 213.2274782728329
156 212.6696890385679
160 211.8185421920643
164 211.19117339553117
168 210.1545842034204
172 209.05291230676775
176 207.66507268360243
180 205.9682414938767
184 204.22192758779568
188 202.32283218628012
192 200.28676384818186
196 198.14107148567422
200 195.774519385031
204 192.9774663990474
208 190.05575548955747
212 187.07040855630146
216 184.01153079367066
220 180.9104138350786
224 177.4897397665034
228 173.85700835389187
232 169.89938113275997
236 165.78172801737492
