64 193.88786113200723
68 196.84663827904427
72 199.07842397759805
76 201.08482370959348
80 203.11425299737317
84 205.20693572322847
88 207.0265370567141
92 208.7686127476348
100 211.29049850403553
104 212.17626511594324
108 212.99140806158744
112 213.76886255076354
116 214.39386349077498
120 214.87631821596963
124 215.28504527304548
128 215.60328113692907
132 215.7647754892442
136 215.62644669060072
140 215.25289436089594
144 214.69867378642468
152 213.51426072062515
156 212.9002254932359
160 211.96039384335296
164 210.70420104576635
168 209.34255143016262
172 207.8586155586308
176 206.119813794197
180 203.97707877742613
184 201.85348113315874
188 199.6978694867067
192 197.09405583248142
196 194.39581304228278
200 191.23075965579636
204 187.95771729395682
208 184.35216092900242
212 180.6367521462518
216 177.1132034540947
220 173.23323083043098
224 167.74913722105435
228 165.8950510552149
