64 193.4806123666567
68 195.90219412864644
72 198.10546927304523
76 200.33996587980232
80 202.5914050884865
84 204.7671171195935
88 206.5007928334327
92 208.05489361311373
96 209.44130009365574
100 210.55245386223902
104 211.64711219200552
108 212.51837604885924
112 213.36846594219824
120 214.44956696325804
124 214.8630960342936
128 215.33656102848965
132 215.57901619991955
136 215.49473073502094
140 215.2058537280128
144 214.68369081230603
148 214.21690104240454
152 213.6262509558203
156 212.8727789411679
160 211.8985450474209
164 210.7405459585314
168 209.30369465250956
172 207.89116670403087
176 206.21415522325267
180 204.24841721429647
184 201.9822964816929
188 199.71332248543462
192 197.2419025566458
196 194.57220072820323
200 191.37452739199023
204 188.08178211255125
208 184.71777080963557
212 180.86482701948523
216 176.98645000337865
220 173.8369608966533
224 165.17241010940307
228 163.83393997953618
