64 192.8520728970076
68 195.60603129953654
72 198.36028203192515
76 200.70872841843266
80 202.83980622126884
84 204.99397366003006
88 206.82724263813867
92 208.3964553496054
96 209.70160058177692
100 210.8626900834138
104 211.94470981895267
108 212.91745055458466
112 213.58901717461794
116 214.25778880562734
120 214.71554389411878
124 215.13341836719036
128 215.55136972451416
132 215.71104978280505
136 215.64876395503862
140 215.36991454185804
144 214.78988710509464
148 214.18308007289983
152 213.58074794634894
156 213.01966162362825
160 211.9965905992435
164 210.72798166933467
168 209.35200796085093
172 207.82503329378181
176 206.11516214427044
180 204.06112710255715
184 201.80406302711935
188 199.51707780281424
192 197.05994699137116
196 194.28839096831126
200 191.09431766007464
204 187.7142840182708
208 184.03607871253746
212 180.40669575973737
216 177.02598025148842
220 173.703912485105
228 166.26168858875
