84 192.48422372748615
88 194.73260404091033
92 196.9026315191504
96 199.02480064726763
100 201.06299953317108
104 203.1223700189081
108 204.76773556881386
112 206.44016292370918
116 207.8898214242113
120 209.15827296053638
124 210.22625402009402
128 211.2570183179801
132 211.9614011458791
136 212.5903740561016
140 213.23049012952356
144 213.77462638053527
148 214.18782456570148
152 214.43409078136673
156 214.41651683391916
160 214.23383787864853
168 213.4357886648265
172 212.72424896807686
176 211.85769350342244
180 210.86108894646722
184 209.64083430217337
188 208.308048167554
192 206.93938086390696
196 205.14605754953703
200 203.29439868619045
204 201.22368493948173
208 199.32178799504737
212 197.23765779881364
216 194.77810196663052
220 191.79519015632536
224 188.7512137419421
228 185.59436028542993
232 182.18400428247637
236 178.61605903638488
240 175.23587103024659
244 171.98464986723334
248 166.27631234872757
