84 191.967902138689
88 194.5032224884428
92 196.95119400010418
96 199.1954491965747
100 201.19161636363285
104 203.1193812741219
108 204.84916181425922
112 206.38801202135897
116 207.8540145392014
120 209.02591964188707
124 210.24056063602353
128 211.3234582687231
132 212.17627777106196
136 212.95721004281475
140 213.5253868316941
148 214.35368476398762
152 214.54276618887997
156 214.53802000579205
160 214.3211547903183
168 213.53119255021218
172 212.89924023775296
176 212.04662010216575
180 211.05705593745026
188 208.60592637488108
192 207.14513204294474
196 205.6741558271927
200 203.95643968616372
204 201.87149880464378
208 199.59193836520987
212 197.19436399496612
216 194.56385499773816
220 191.86299834926575
224 189.0898109475702
228 185.84155331653034
232 182.31036569113783
236 179.02851323785563
240 175.58472839855023
244 172.50881497213626
248 166.5991802082384
