76 192.31013534756505
80 195.0598121853086
84 197.80957970225342
88 200.121606123636
92 202.19018159895248
96 204.4496256664866
100 206.02154566700847
104 207.61977351116894
108 208.94638016321196
112 210.25442272326623
116 211.41284937902145
120 212.33188527657668
124 213.12682628916275
128 213.70436064081179
132 214.32861028232668
136 214.85130587780318
140 215.2442537496599
144 215.3841622561461
148 215.289234002149
152 214.9911796534054
156 214.56557620700787
160 214.19922910186548
164 213.68029931957958
168 212.92473208850058
172 212.04456375326203
176 210.80983504636572
180 209.33643059644578
184 207.69508650695315
188 205.92956609916172
192 204.04498200011957
196 201.7655945570296
200 199.27391390125078
204 196.6526866707745
208 193.96439986967113
212 191.0492699732473
216 187.62864154246654
220 184.10659187111187
224 180.57986447007016
228 177.03936339908432
232 173.5636157414172
