64 192.33475596595338
68 194.81408979081542
72 197.12540543674754
76 199.33371891119373
80 201.47482272314744
84 203.5691457143024
88 205.52079069189122
92 207.1837976589141
96 208.77040512842723
100 210.06510337087715
104 211.3714663685697
108 212.39064119887408
112 213.34501242356293
120 214.5058147100761
124 214.89147693646612
128 215.27560667121304
132 215.55736109818724
136 215.66743727706205
140 215.50394225176362
144 215.14378733031816
148 214.72928767579458
152 214.16703462358745
156 213.6613341161604
160 212.8734801013078
164 211.90916960801917
168 210.46903852578072
172 208.8974580937987
176 207.0983359969002
180 205.0935683633189
184 203.12837783817847
188 200.87137968526642
192 198.45755394880507
196 195.86949120094803
200 193.02425834181273
204 189.81794277811952
208 186.63312754902876
212 183.16584466892454
216 179.11673091982982
220 175.04311669911283
224 170.98056038212428
228 166.89758255622814
