84 191.6268084685724
88 194.06612331009688
92 196.52417605941798
96 198.85744292823068
100 201.00115333924697
104 203.1508312783371
108 204.79540854291508
112 206.26030909535018
116 207.6548071063494
120 208.82035741791879
124 209.87967393562994
128 210.9891468583919
132 211.82226263631287
136 212.6465808227856
140 213.31129792365738
144 213.82882995760735
148 214.19272296551577
152 214.4098819123976
156 214.39220121998892
160 214.23528022300604
168 213.4014308338526
172 212.6463911293172
176 211.84734707201068
180 210.9528549642144
184 209.80975297249412
188 208.48029843722443
192 207.10081045783545
196 205.3119968654319
200 203.56513841161973
204 201.5511389791853
208 199.46361203093298
212 197.1108373103894
216 194.60822648616175
220 191.725244770494
224 188.65747590171227
228 185.64134446721428
232 182.52729322450756
236 179.12212747119173
240 175.2605254198939
244 171.5161977043752
248 166.0881712032878
