84 192.76766507183166
88 195.06245204439443
92 197.81704662396382
96 199.94845203918754
100 201.9293518851391
104 203.64337469142959
108 205.26419420604665
112 206.86156247483
116 208.38584772455513
120 209.72928055157456
124 210.77258660358802
128 211.64146997922947
132 212.29359810757308
136 213.13071139076138
140 213.69619048277286
144 214.14677310468034
148 214.4746157936474
152 214.63679551313294
156 214.53154006603899
160 214.37565166374173
168 213.5629848450189
172 212.8121313354124
176 212.02844667391741
180 211.1051102844854
184 209.81686927343895
188 208.45195827831276
192 206.87208493443285
196 205.1211388696701
200 203.2120162204891
204 201.12365663184733
208 198.90951414935034
212 196.43154752437445
216 193.62455252603803
220 190.65670623214328
224 187.57743646346262
228 184.3978115473795
232 181.06833086681632
236 177.7059561999003
240 174.5196851950584
244 170.78257501812385
248 166.12248870682396
