64 192.99787330369344
68 195.73111384000373
72 198.18643626825624
76 200.4064866614185
80 202.403503094222
84 204.34968501900525
88 206.1257090038389
92 207.6787143150945
96 209.03823114606766
100 210.44014261545755
104 211.7454076289655
108 212.79045806914132
112 213.40825900341804
120 214.31658800093655
124 214.5122836833641
128 214.634576736568
132 214.68262983344547
136 214.688034167213
140 214.57265140263598
144 214.23561843677862
148 213.67283303956484
152 212.9827760960962
156 212.36672154113342
160 211.4497619287049
164 210.36304424853452
168 208.8831815902338
172 207.3429228961033
176 205.4346011503224
180 203.49862635612564
184 201.357380712537
188 199.21479464139205
192 196.74591326401983
196 193.86710060248117
200 190.51493132871585
204 187.27266228350845
208 183.81055726850494
212 180.0876686764494
216 176.1089438882866
220 172.262446819935
224 166.11138811712124
