64 194.10500468261597
68 196.98316968879902
72 199.30167082218455
76 201.64135427114616
80 203.7211814761914
84 205.53717714686184
88 207.13414573104606
92 208.7017510852077
100 211.2968769444254
104 212.25998330309628
108 213.1894195162891
116 214.6796334388235
120 215.2105028508441
124 215.51451912161218
128 215.75796450074125
132 215.70454571593228
136 215.61140396965234
140 215.34229918379972
144 214.8089721500624
148 214.28292005504937
152 213.62248245764067
156 212.7586419827971
160 211.80146120354829
164 210.6006667635559
168 209.2716230173502
172 207.77323633074212
176 205.9808592502285
180 203.97407092797886
184 201.72117352926887
188 199.30831834004567
192 196.74245972386984
196 193.97444156634333
200 190.8789856461754
204 187.47966389897243
208 183.9356159085142
212 180.55754423833065
216 176.67761101357888
220 172.33859384518155
224 167.90069714505165
228 164.66464631437913
