64 194.58052749110618
68 196.89459201370244
72 199.1325885022491
76 201.01763662060108
80 203.01200194465682
84 204.95526897036632
88 206.82296080177713
92 208.48774990279622
100 211.05530178119548
104 212.2133006534602
108 213.0949620201958
112 213.82341196984817
116 214.32223037457817
120 214.7204241694114
124 215.1141892832032
128 215.4505588890117
132 215.5847239345077
136 215.44377188782317
140 215.1285542758303
144 214.63470349061427
152 213.49844783839043
156 212.75356272975122
160 211.72598368208443
164 210.48120748852259
168 209.0828723769665
172 207.7255665984075
176 205.87995604108443
180 203.92070068144477
184 201.65578335593972
188 199.30374301093065
192 196.59305797637154
196 193.61172501429806
200 190.46805170870056
204 187.08358408909237
208 183.73944009886884
212 180.1786933478566
216 176.43705990515636
220 172.15698646691322
224 167.52822217261502
228 163.82727955127856
