64 194.47310832896008
68 196.89115275683014
72 199.13812086438992
76 201.01939361164037
80 203.06241007167307
84 205.00898701627113
88 206.8398192955397
92 208.47194084507356
96 209.910603354547
100 211.2584157077183
104 212.26489013802228
108 213.1203012526121
112 213.79217604337055
116 214.38708559576534
120 214.88076614703004
124 215.21518984253208
128 215.46036769813355
132 215.48834759243525
136 215.3518098374962
140 214.97909305057325
144 214.50671399248492
152 213.51410092831097
156 213.03867560738877
160 212.00990305951055
164 210.69174679334873
168 209.05237503641393
172 207.2679258717564
176 205.36142320883906
180 203.4824807484537
184 201.22939049478202
188 198.87956306968726
192 196.2056356205684
196 193.18172596445677
200 190.07725210751352
204 186.8627820047928
208 183.35329465430237
212 179.65470664814447
216 175.43611185414542
220 172.16736836695418
224 166.78349751852693
228 163.37376700009304
