64 194.5761294949548
68 196.74139101421136
72 198.83837377726945
76 200.7641637309109
80 202.69737811899824
84 204.70696744349198
88 206.4584429763899
92 207.99162050953345
96 209.3109017473625
100 210.488495323902
104 211.55001665508803
108 212.26029410321593
112 213.1659553471973
116 213.7799921960032
120 214.32490164076688
124 214.39468827792388
128 214.50589432180524
132 214.57932482923016
136 214.7189584102479
140 214.58424211105947
144 214.19508640296223
148 213.60544778551497
152 212.92454931310843
156 212.03047848118678
160 211.09667174403134
164 210.12987388279436
168 208.8828006568247
172 207.48024133366363
176 205.7547309871104
180 203.53639476526186
184 201.26478783020337
188 198.84255722984778
192 196.12316166698025
196 193.1535317256331
200 190.03243660467558
204 186.7061669140004
208 183.12037861079858
212 179.3880355876385
216 175.7329755304768
220 171.56262119045405
224 166.44645584836042
228 163.16230804500043
