64 194.3650141842627
68 197.09922102071937
72 199.42472730772573
76 201.39582092877515
80 203.54243710906545
84 205.38871366748236
88 207.30083396122748
92 208.88151724731006
96 210.27485816107344
100 211.4438037776289
104 212.46552693100037
108 213.2701976475279
112 214.10444490054937
116 214.81720542177717
120 215.28840226401135
124 215.58075471331952
128 215.7351006632582
132 215.78430384835497
136 215.56773860232732
140 215.22418989755275
144 214.71359743152684
148 214.28045194560062
152 213.75962657424597
156 213.12726824399212
160 212.08561449042077
164 210.72195745829583
168 209.13673755652619
172 207.53820241924237
176 205.7422901223218
180 203.75932571827326
184 201.57624388821466
188 199.27842430917153
192 196.67255224771662
196 193.6613483637764
200 190.46035956774028
204 187.12381620323418
208 183.87722996637612
212 180.3100592976125
216 176.12505004572836
220 172.24962689153259
224 167.73692664982246
228 165.0162763899764
