64 194.96435827880694
68 197.38908645022497
72 199.814802623299
76 201.95898502699353
80 204.05296910649474
84 205.79986206924846
88 207.5268135109427
92 208.96546839699698
96 210.36376790883196
100 211.6750995058191
104 212.76426872121607
108 213.66966682424047
112 214.40601844565717
116 214.95153564002763
120 215.33483687160629
124 215.6957122965726
128 215.92204610090513
132 215.8897683658467
136 215.72883911155603
140 215.4262121886923
144 215.01967247331476
148 214.52714861749487
152 213.81316043617846
156 213.02440097256488
160 211.96936293393284
164 210.61097641177994
168 209.1564155176211
172 207.7502183604414
176 206.0622330883579
180 204.05030182335065
184 201.91632744002135
188 199.45355459056026
192 196.83141773148878
196 193.96297556837987
200 190.73952233304203
204 187.44217376174882
208 183.96851439966395
212 180.34199265982315
216 176.22489374042783
220 172.0777374110492
224 167.77976746810788
228 164.69493020232778
