64 194.87081256124077
68 197.09975239353537
72 199.16608022268224
76 201.49509595155317
80 203.64660336698776
84 205.6747447196306
88 207.36522961428813
92 208.78048798817576
96 210.07903755444875
100 211.26423033795842
104 212.3864137966661
108 213.3561044674073
116 214.72933101994252
120 215.17906874147957
124 215.49298777961812
128 215.72852962303864
132 215.80644157273923
136 215.60111836644384
140 215.25287513160816
144 214.78816603299566
148 214.28971233513835
152 213.7233524268904
156 212.8908052533734
160 211.80151015143204
164 210.5353174846594
168 209.0862131311029
172 207.62418931270585
176 205.8270962498245
180 203.96718481904605
184 201.94772879262865
188 199.49974684577668
192 196.78192396074942
196 193.7700932626869
200 190.7151059240553
204 187.35300501277186
208 184.1481855763111
212 180.20067832112073
216 176.25034867220018
220 172.53579542162186
224 166.990506724349
228 164.81046696224053
