64 194.20044497934538
68 196.9693013103893
72 199.11764447154889
76 201.15560121564394
80 203.2158211927854
84 205.2715879935187
88 206.9773533328025
92 208.64393966485292
100 211.2896451973423
104 212.37997093791466
108 213.27138349883927
116 214.66482890492412
120 215.06241777635324
124 215.33512154326343
128 215.6429416567254
132 215.80215030580837
136 215.75273196959455
140 215.4229055953611
144 214.84756746051357
148 214.30558446126918
152 213.5719325631367
156 212.7397653243014
160 211.68559555729303
164 210.46704744447334
168 209.02314735940828
172 207.5857313564241
176 205.94582501694228
180 203.99541297290335
184 201.82467381563654
188 199.54991157677358
192 197.02847581839796
196 194.08906128951008
200 190.71027067298724
204 187.41289477471574
208 183.84485099546765
212 180.2871972803042
216 176.69217370734336
220 173.4702462083005
228 164.9791175924576
