64 194.53652382368568
68 196.99984893057132
72 199.3940399720222
76 201.81919502318397
80 203.89788013180822
84 205.60665010269378
88 207.1060701893022
92 208.663517489697
96 210.08192195311273
100 211.35934088653948
104 212.33420273317023
108 213.2975038978576
116 214.74024037783056
120 215.21378911288315
124 215.52691901024298
128 215.7616148376212
132 215.8309809989841
136 215.57785076915107
140 215.2388430014194
144 214.7529342806647
148 214.24410727529448
152 213.60497126284417
156 212.84942754356368
160 211.80302103901488
164 210.7026750557884
168 209.2658948945237
172 207.9005016253226
176 206.08387672199956
180 203.88242498370425
184 201.43718595175915
188 198.89032897051987
192 196.26043960451602
196 193.2098530969286
200 189.95216079534734
204 186.95486331163482
208 183.74224480610235
212 180.04993344565145
216 176.01018463188095
220 171.83528284122917
224 166.30023559207976
228 163.14735793583668
