60 192.09308571550824
64 193.80531896391423
68 196.47866968923796
72 198.86011868719714
76 201.08229938080822
80 203.27493460408067
84 205.32601477331974
88 207.14219967924254
92 208.7706143554533
96 210.14314986189206
100 211.38758753749607
104 212.52971779543608
108 213.3735019052109
116 214.726997793939
120 215.2004268125802
124 215.5802665839379
128 215.79448970702143
132 215.86858478024183
136 215.78714531100223
140 215.4990626380092
144 215.14706465216832
148 214.70108911284422
156 213.22887881862508
160 212.23832211823378
164 211.03584992808396
168 209.49602736241548
172 207.94799479874877
176 206.28652661146782
180 204.33613857220635
184 202.1313493362288
188 199.7117467674023
192 197.1074068564754
196 194.4473515032837
200 191.47368833757739
204 188.34310701499913
208 184.91566613170502
212 181.000462939973
216 176.99094177659094
220 172.7915674521612
224 167.0706201016803
