64 194.41654828699853
68 196.9440326774718
72 199.49285291651165
76 201.7328923392149
80 203.72772842256254
84 205.48064399556756
88 207.15147356942623
92 208.70962575086563
96 210.14130723035274
100 211.36596733366525
104 212.48307857343093
108 213.33681837159662
116 214.54289208363926
120 215.0179500946444
124 215.37403340465093
128 215.66748592148866
132 215.82772835720812
136 215.67780352190596
140 215.29028646901125
144 214.71497888604944
148 214.16434457654233
152 213.4373503469227
156 212.71123999679418
160 211.6270352259162
164 210.42075236019144
168 208.9451275762126
172 207.4952760119155
176 205.67973512196
180 203.74786307748417
184 201.5294057141248
188 199.09629864966038
192 196.38353239853367
196 193.40829439284167
200 190.25228499173073
204 187.02034562366023
208 183.337065937463
212 179.6141281662933
216 175.65718842912548
220 171.69889968177293
224 166.6133643752529
228 163.12955153502304
