64 195.5648682120497
68 198.05967335278348
72 200.3854678160094
76 202.59707794490896
80 204.77264638217792
84 206.68213448197096
88 208.42678855128815
92 209.87100951057042
96 211.11596793881492
100 212.28008475871007
104 213.44808912273564
108 214.44092889461345
112 215.036097541306
116 215.55355103153704
120 215.91109877123586
124 216.2606017326304
128 216.28155661697912
132 216.45338722358892
136 216.37674692544687
140 216.21424409552134
144 215.75337604541144
148 215.13403531270828
152 214.45826302031867
156 213.72961371580203
160 212.6007398250771
164 211.34424765277174
172 208.5537396954875
176 206.95390545948337
180 204.79241611512884
184 202.4438235633402
188 199.89996120022906
192 197.33138346306367
196 194.53753609779514
200 191.34251118565248
204 187.92003173985535
208 184.313090091931
212 180.4538632587993
216 176.5379265331831
220 172.31118245592967
224 167.40413298091784
228 163.5219789468558
