64 195.1205301672495
68 197.85816758069555
72 200.3433594229457
76 202.3753019600615
80 204.63075467239653
84 206.49431225950053
88 208.35156628585432
92 209.83233352382865
96 211.11703169782515
100 212.2356537190584
104 213.34961323465257
108 214.214562521394
112 214.87914563434825
116 215.37101616342318
120 215.9101521776558
124 216.20426080413125
128 216.42235071760086
132 216.51642790232532
136 216.48014404521496
140 216.28631692684087
144 215.79682415165638
148 215.25053543197782
152 214.5998011360091
160 212.8723911952194
164 211.6311932942034
168 210.17155264224456
172 208.6404771377253
176 206.7846809784999
180 204.79011656366674
184 202.6585259507771
188 200.3850599754818
192 197.818697253786
196 195.0054004491219
200 191.61219110779533
204 188.2173036789552
208 184.86349380876553
212 181.24399767518287
216 177.42702996881914
220 173.0807680315765
224 167.82956367478897
228 164.0504194930149
