64 195.11114435407885
68 197.66932985973943
72 200.0159046247165
76 202.01413714020998
80 204.10738848611712
84 205.89902589530283
88 207.47486020687185
92 208.8860074309178
96 210.22694174107903
100 211.6193963201438
104 212.80179393224375
108 213.74501789215782
112 214.54405871565314
116 215.06031427895198
120 215.54065559113923
124 215.8027900592219
128 215.97584424369555
132 215.96668821293406
136 215.8315808890577
140 215.56494973351738
144 215.20531087653146
148 214.64732693028532
156 213.1725000349043
160 212.13809032106428
164 210.92608845250433
168 209.46532532789388
172 207.99628379367186
176 206.21805381571727
180 204.16834205089447
184 201.9820027058506
188 199.65592746432122
192 197.12368069118793
196 194.2668010891043
200 190.97605056535252
204 187.59706588708184
208 184.12471042021514
212 180.51414315587976
216 176.5131256104737
220 172.4435695075741
224 167.79592907113147
228 164.30312769890702
