64 194.80387733278658
68 197.783772844108
72 200.26645695714888
76 202.43874197298646
80 204.6467649389934
84 206.5214910211992
88 208.34077218138867
92 209.56853973749355
96 210.9211505877493
100 212.11958649098312
104 213.32363498872388
108 214.30582626727056
112 215.02911860740002
116 215.55785196829274
120 215.94412050358983
124 216.236697015137
128 216.4517743576008
132 216.58765424439343
136 216.4520799641176
140 216.16223866090382
144 215.766287980625
148 215.27034967976294
152 214.63980364539867
156 213.853209404278
160 212.71412550751336
164 211.45202484538993
168 210.08133981603459
172 208.629409450472
176 207.0616028394114
180 204.95347612726684
184 202.61652856400727
188 199.97230991702338
192 197.31298598915487
196 194.59194767771356
200 191.65549173038167
204 188.34536518364348
208 184.70272178302065
212 180.64728257639598
216 176.26949462132507
220 172.32522370592164
224 166.14075950197207
228 163.6609919977969
