64 196.03187324421359
68 198.95712318574385
72 201.1342606184897
76 203.11789919795683
80 205.2942440047643
84 207.12020252078165
88 208.77364437351468
92 210.2017094120577
96 211.60396918055156
100 212.93796372401795
104 214.09942226780674
108 215.0071142838125
112 215.61671279876427
116 216.10161848462403
120 216.45689142016704
124 216.8114840008466
128 216.90402284534218
132 216.92281411603992
136 216.85166978077854
140 216.63931788160843
144 216.1850384593313
148 215.65851977961506
152 214.93059300380705
160 213.08293323051325
164 211.96609046352643
168 210.66632138671423
172 209.04833824120385
176 207.40148961307742
180 205.42366675111538
184 203.22117530959449
188 200.55977908839714
192 197.9026840487149
196 194.9683267482709
200 191.64651989102273
204 188.1623608406017
208 184.71576337628707
212 181.01797395304825
216 176.93465601917364
220 172.98800144704245
224 167.91432516140068
228 165.14073918129623
