64 195.67031370823526
68 198.04095198901973
72 200.20578065394199
76 202.37243826041419
80 204.5218812160119
84 206.3708392557583
88 208.23466734667545
92 209.58696218576722
96 210.99651947457295
100 212.17750303494006
104 213.34074090056157
108 214.19658963561582
112 214.84872137486545
116 215.3489522093694
120 215.82976791782727
124 216.12476702672865
128 216.2281515204567
132 216.3309625351002
136 216.19095978931682
140 215.94548857733605
144 215.57836095489984
148 215.1222810862281
152 214.4312784953819
156 213.68913075926116
160 212.6490451821379
164 211.4218655432162
168 210.12901711387775
172 208.66328288409858
176 206.96809111543865
180 204.93858334170307
184 202.66473746957308
188 200.02700519398707
192 197.40665364611004
196 194.5116445892604
200 191.4204973864485
204 188.04797219990644
208 184.43064384509555
212 180.52421964260435
216 176.8851144150927
220 172.2784063845906
224 164.74839400746748
228 163.0204531839883
