64 195.31301298087763
68 197.77975988076486
72 200.01437922192144
76 202.01179010360607
80 204.07512488537895
84 205.80751631295928
88 207.48684746673734
92 209.03294515313326
96 210.46684543865442
100 211.695562204204
104 212.91018248909336
108 213.7015380336705
112 214.4316040077032
116 214.96697123740543
120 215.38995456846806
124 215.71899605442516
128 215.97004507760403
132 215.9520541733822
136 215.82208183387104
140 215.55073173662134
144 215.20319392970916
148 214.63905799491755
156 213.1185882375169
160 212.0876358709259
164 210.93301011372617
168 209.59216651367063
172 208.05971019665122
176 206.21913742169681
180 204.14390375327883
184 201.94495974901707
188 199.47284332444588
192 196.78645359860718
196 193.9857630235419
200 190.97833651744546
204 187.68545157061976
208 183.75668386027735
212 179.86814759116066
216 176.1595399294098
220 171.91351196159022
224 167.1722169158
228 163.21918467573596
