64 195.89829714606407
68 198.9260030066289
72 201.39449514156843
76 203.35218728458418
80 205.31656265439688
84 207.13343556879607
88 208.86467928897952
92 210.24693478919963
96 211.77974826964922
100 212.94666278361834
104 214.10232197575007
108 215.02041835188692
112 215.5914078741564
116 216.04578593827185
120 216.4632105568728
124 216.79784218613065
128 216.84899146189093
132 216.87411409038205
136 216.73147131339516
140 216.55675741193616
144 216.20863358676593
148 215.69318923049556
152 215.12791972578754
156 214.2527336208611
160 213.26333147981393
164 212.08970517836596
168 210.64955720426317
172 209.12598921857528
176 207.38613741929814
180 205.30201729053817
184 203.05260574653946
188 200.54076309454877
192 197.78048174078225
196 194.87154741390745
200 191.4460439286192
204 188.03562214927928
208 184.809147322452
212 181.40916884651227
216 177.15417457250422
220 172.93791497803372
224 168.20474545965314
228 165.22151076145778
