64 194.92535620963537
68 198.24885842097078
72 200.95510019687418
76 202.95993874797776
80 205.11968980191972
84 206.94681232763025
88 208.69674464226856
96 211.3805453835143
100 212.71137577471933
104 213.85618775881153
108 214.74779537115433
112 215.38693810171662
116 215.9878140125583
120 216.31407496465067
124 216.5339107462866
128 216.56537098881674
132 216.6199699144789
136 216.60734199668528
140 216.46800025668244
144 215.99413807187295
148 215.34830274099647
152 214.67306833147677
156 213.8219311466327
160 212.91921999898517
164 211.81912728458403
168 210.564350793978
172 209.06232573521007
176 207.31159440082956
180 205.22905283458343
184 202.84005850627975
188 200.38790657010648
192 197.88586154560255
196 195.0886926715096
200 191.85990542432864
204 188.56270792136507
208 184.98902454769808
212 181.12884608368745
216 177.19198108775726
220 173.0226347894981
224 167.9161502985262
228 164.31046264435702
