64 194.74315958726572
68 197.4123748281345
72 199.74482551433002
76 201.7344760889527
80 203.75122836711148
84 205.7448825321398
88 207.55089424642154
92 209.0585857866802
96 210.4209555992353
100 211.73119851020027
104 212.91434247352888
108 213.76983512747998
112 214.42591804986967
116 214.9909626274218
120 215.36361376812596
124 215.61958431372298
128 215.97380457018255
132 216.0444001504182
136 215.95665648042294
140 215.62957315719885
144 215.28629530499217
148 214.76205053703382
152 214.1690753840768
156 213.45134774142855
160 212.5720412083532
164 211.380862579649
168 209.96095605192804
172 208.3753598867082
176 206.6033443728159
180 204.80056794684452
184 202.82183355605056
188 200.34910393180272
192 197.6259077833108
196 194.69585960083842
200 191.47704295786184
204 187.97162536395012
208 184.56074419590175
212 180.6390900856457
216 176.75290299832213
220 172.25275445158582
224 167.20285055985056
228 163.51511401609983
