64 195.29988596596695
68 197.90535925100068
72 200.15866883337904
76 202.3774441690557
80 204.5030232571734
84 206.42602615430246
88 208.27923402216365
92 209.51975854926482
96 210.86818471819603
100 212.07879335460535
104 213.1246914852462
112 214.762092138378
116 215.22913242430639
120 215.70700363514368
124 215.9266693619805
128 216.2238855901391
132 216.27567441256622
136 216.26207261497996
140 216.07095922001537
144 215.76491510026023
148 215.27093255888454
152 214.51303323133737
156 213.59529198749397
160 212.54024463045621
164 211.2574843415327
168 209.8156215192859
172 208.2837746252418
176 206.5441633010893
180 204.53418731991576
184 202.27622761673283
188 199.79497050086445
192 197.24405864737548
196 194.43708033433816
200 191.22052665350986
204 187.92221375766633
208 184.48355218214522
212 180.82688336671407
216 176.74616073336668
220 172.3205841805027
224 167.37401754855318
228 164.63488485619487
