64 195.98910781332154
68 198.87539499412134
72 201.14386607767878
76 203.09132113439586
80 204.9106394398616
84 206.88160666717803
88 208.54953877328876
92 210.22161085110093
96 211.59385728184213
100 212.87643025092584
108 214.9134824521043
112 215.55298647456644
116 216.06979317763393
120 216.4738966176649
124 216.6923698715761
128 216.70056844144057
132 216.6728619543744
136 216.6791384585184
140 216.62129832369433
144 216.28286808963603
148 215.8011713373425
152 214.9895971405344
160 213.03929371379934
164 212.08677921848889
168 210.76678796581604
172 209.1430515217759
176 207.46725098695623
180 205.48312855589816
184 203.26560858168824
188 200.5538097144771
192 197.70458413330138
196 194.85946351568458
200 191.62333052058017
204 188.42494469320653
208 185.0558699402975
212 181.71817517357636
216 177.89493499315932
220 173.62234632820704
224 166.50831562691658
228 164.1953342171118
