64 195.31463576945737
68 197.83246633126078
72 200.29630287617528
76 202.66304065588105
80 204.8543034416698
84 206.72621902936297
88 208.5396325106795
92 209.92172775102858
96 211.3029275874633
100 212.4629818566687
104 213.57948175579511
108 214.4921657914872
112 215.0558404357668
116 215.58365404429964
120 215.90961064442524
124 216.28493813609842
128 216.42961718877132
132 216.56105599425965
136 216.47467229474466
140 216.28585096404484
144 215.94517748641067
148 215.5050567624926
152 214.82267531868047
160 212.89346852153864
164 211.6690696670689
168 210.2623767468005
172 208.77467166638905
176 207.0547326238701
180 205.05552977045272
184 202.72013523521105
188 200.08278095927687
192 197.5603471631859
196 194.73328201317682
200 191.599327744744
204 188.24735115246486
208 184.73274888640063
212 181.34938582199297
216 177.33441198602893
220 172.72099484513814
224 167.90852672577196
228 164.5404876873131
