64 195.4564410429874
68 198.01652961745842
72 200.40796027982344
76 202.4214933015694
80 204.4879240092255
84 206.28742769635377
88 208.11251957071084
92 209.49432943213787
96 210.9403990217994
100 212.17598329618139
104 213.32630104338455
108 214.358391585401
112 214.97292049837807
116 215.49632721082733
120 215.8651776788952
124 216.16416386780668
128 216.33527158390524
132 216.38208679746398
136 216.29314740037626
140 216.11797860696478
144 215.72731974840448
148 215.18333676521706
152 214.44582471941862
156 213.6756750338962
160 212.60996179438317
164 211.38493397960605
172 208.42670427410707
176 206.71461707054866
180 204.58559583302457
184 202.22860996872035
188 199.75815209627748
192 197.1822559297104
196 194.28122125849382
200 191.23348645989415
204 187.85747840463722
208 184.10394164728172
212 180.36252160595532
216 176.35458528238536
220 172.43800559241004
224 167.10737727652662
228 163.92945887443096
