64 193.89428193448336
68 196.42591140737298
72 198.7599356912333
76 201.05134340986592
80 203.00887396227353
84 204.9331883649906
88 206.67064697826228
92 208.33802693066755
96 209.80638692163723
100 211.12492181541663
104 212.2069018003231
108 213.1893613333037
116 214.72740380880413
120 215.1825758143471
124 215.45389666463373
128 215.73372737231153
132 215.81114417702832
136 215.5794935140568
140 215.31904768259128
144 214.87440646537962
148 214.39499416500837
152 213.77672609308223
156 212.91332784900072
160 211.92218992841987
164 210.79713813154152
168 209.5206941644803
172 207.99228632113258
176 206.17072290478103
180 204.12605541756022
184 201.88167609548822
188 199.5860325313261
192 197.06218752545357
196 194.22565687541473
200 190.95060599717118
204 187.52563132532114
208 184.36591891929322
212 180.8778127344794
216 176.96886648380848
220 172.26694058437954
224 167.1430471360448
228 163.0040034012826
