64 194.22698944479356
68 196.26015189442407
72 198.7908186313179
76 201.2416161548719
80 203.37508569834753
84 205.4927617382475
88 207.2228251414253
92 208.74890568999348
96 210.1959058807882
100 211.5096078364769
104 212.4653198865011
108 213.39312688539624
112 214.2196947263373
116 214.86242003298045
120 215.2438666951243
124 215.52248064820253
128 215.84168418585685
132 215.84229854772192
136 215.77208730652123
140 215.50666167749398
144 215.18280276400492
148 214.63585653384678
152 213.86943817756753
156 213.09039406172863
160 212.30563767010585
164 211.2822838776642
168 209.77175195868585
172 208.10507972147144
176 206.34411120794925
180 204.33103676545824
184 202.17118332633814
188 199.86182144872797
192 197.2865548372705
196 194.30506588518202
200 190.86201504670953
204 187.65835562729956
208 184.18782302748593
212 180.72105755018555
216 176.63862887844257
220 171.91226985443893
224 166.65675988144022
228 162.99080248542475
