64 194.48511653873686
68 197.21992288182895
72 199.36221352991998
76 201.26102327835784
80 203.3359713054669
84 205.27268461089457
88 207.1579957793383
92 208.77291635239692
96 210.16242833537572
100 211.3150500424461
104 212.42379844190177
108 213.49744856744235
112 214.25086148070244
116 214.8504690316139
120 215.2070032654827
124 215.45168815571802
128 215.68773940386524
132 215.76406229181953
136 215.62319686940975
140 215.3800330341989
144 214.8809948569256
148 214.36332090742172
152 213.66419805343247
156 212.80710810318587
160 211.77165173515397
164 210.58135149769285
168 209.242116611905
172 207.7243708048158
176 205.98430100708453
180 204.00025374417945
184 201.75574381789733
188 199.45661785380568
192 196.95942189837342
196 194.1549022088882
200 191.04358038847167
204 187.66663790683748
208 184.39190028021636
212 180.78802772954515
216 176.65876847398562
220 171.98042851256395
224 167.22997197564945
228 163.3000221063974
