64 195.25374067799893
68 197.54327838397384
72 200.20349309111248
76 202.4531531386666
80 204.61828149064186
84 206.5924210565463
88 208.4127243604746
92 209.84520029499174
96 211.06835194176796
100 212.08520318923212
104 213.06203835418185
112 214.69383896009205
116 215.15521959048937
120 215.65584182826342
124 216.02202402887625
128 216.31919387951228
132 216.40515591637157
136 216.41179185890297
140 216.16312015897998
144 215.73190781984533
148 215.27690491798964
152 214.56639160359163
156 213.80199786231674
160 212.73010382554202
164 211.63383583865644
168 210.3027152010643
172 208.59111209820495
176 206.71206077263713
180 204.54532808351723
184 202.32725474078387
188 199.89359658381747
192 197.31678392787234
196 194.60608483199806
200 191.32528105095753
204 188.02898518504313
208 184.88162186841822
212 181.52754989112213
216 177.18554354714746
220 172.7902881703169
224 166.54144525792304
228 163.58925029262406
