64 194.3819141840617
68 196.8008003604011
72 198.66687313288242
76 201.08787706986885
80 203.1782841386867
84 205.34059730186394
88 207.12844408547687
92 208.8053686192718
96 210.24195188062347
100 211.47569752735964
104 212.4616812886607
108 213.34977230980513
116 214.7681202037456
120 215.23279819603937
124 215.5597714121029
128 215.82216112360283
132 215.84946898652987
136 215.7917631120169
140 215.5630849494558
144 215.14513451216416
148 214.5968531937389
156 213.20679811320528
160 212.27545979117025
164 211.14713928887363
168 209.74888846543362
172 208.13842566322492
176 206.29678107663415
180 204.30406288216284
184 202.29639056972496
188 199.93684412172303
192 197.31148234186333
196 194.3250697523981
200 190.99545724827476
204 187.56665571707453
208 184.29607544987556
212 180.82512281837967
216 177.0272441663925
220 172.4739307747785
224 167.74432794818057
228 163.58870375155286
