64 192.8595188425055
68 195.70682908455774
72 198.07617802974534
76 200.31153131273425
80 202.56278719566228
84 204.5832531938592
88 206.321465070149
92 207.83710326121522
96 209.17756627722497
100 210.61942532414304
104 211.77157858843452
108 212.62786021517496
112 213.3249933742797
120 214.42615651497474
124 214.56622745445046
128 214.71733090203927
132 215.0025495740013
136 214.98823805011403
140 214.63999383677725
144 214.21731037308615
148 213.66728269176676
152 212.99051666427926
156 212.43977731195423
160 211.63278582684376
164 210.46072784861119
168 208.95099998321348
172 207.4338547906039
176 205.6056738374749
180 203.63615334851264
184 201.53573640866256
188 199.31097496727108
192 196.78753269124834
196 194.0588885250404
200 190.7907766634284
204 187.19157087155486
208 183.7046820648311
212 180.3699953466121
216 176.41410250849492
220 171.84261996889896
224 165.9867678023205
228 162.2769962739254
