64 193.36564150888978
68 196.22539056094033
72 198.6920080540556
76 200.8496410482761
80 202.86721158635604
84 204.87020057609118
88 206.58502691774504
92 207.958863847042
96 209.25382320944405
100 210.69410442692538
104 211.82587650530616
108 212.73890554157725
112 213.51862140536105
120 214.4728041624959
124 214.77157886427568
128 215.04607035406724
132 215.2343989977905
136 215.2222601065067
140 214.8219128800555
144 214.44891499256482
148 213.87691340099676
152 213.03978553384403
156 212.22697505338772
160 211.36499591175576
164 210.29191211453752
168 208.89127335267955
172 207.3906496473566
176 205.63852275227816
180 203.77509098985104
184 201.7004376582699
188 199.40302934726483
192 196.69402484588778
196 193.65978940646343
200 190.2357065679275
204 186.9867051318226
208 183.74657650830937
212 180.32060691811355
216 176.38681959619993
220 171.82329162231076
224 166.63046442226045
228 162.9442176019426
