64 191.17718033781486
68 193.47985113951887
72 195.80613355309816
76 198.15632019947293
80 200.3470208723137
84 202.35053253762027
88 204.08137667976075
92 205.53217510592438
96 207.0065069602336
100 208.25140622779932
104 209.59459424395772
108 210.64098805251967
112 211.37815829452362
116 211.866486675857
120 212.31530279467677
124 212.63063139088553
128 212.94352063224608
132 213.23257763550515
136 213.3900125902992
140 213.28865482014584
144 212.93048265963637
148 212.3404762811426
152 211.76519394500758
156 210.97472821134085
160 209.8999338376386
164 208.86847608734286
168 207.53640281458166
172 206.07637095779555
176 204.33659308579416
180 202.34675513418503
184 200.2568828694267
188 197.93124841031513
192 195.24576599504414
196 192.19216527986586
200 189.13260161768375
204 186.04485017169725
208 182.8560394186004
212 179.51331111976373
216 175.5634510399772
220 171.31543274634262
224 166.7119672473533
228 161.7482790510357
