64 192.620247540598
68 193.80634388062794
72 196.17919889411573
76 198.5173442901754
80 200.5407044049932
84 202.3817410438432
88 204.23727885277341
92 205.75353330676387
96 207.23444683397398
100 208.63262034326164
108 210.97260218527595
112 211.71937335607873
116 212.24593467089056
120 212.81147804651403
124 213.03679648090466
128 213.30975491149974
132 213.52810097385438
136 213.50093536045964
140 213.14568539218448
144 212.7884261587114
148 212.38690589706852
152 211.86170340195355
156 211.07005370051687
160 210.20884487467455
164 208.96610055163842
168 207.68015758903576
172 206.17289081226588
176 204.31882364346853
180 202.39574106831034
184 200.2546682904279
188 197.73670096954925
192 195.32908573194393
196 192.7001078537147
200 189.78805928083847
204 186.89178106467804
208 183.71196880177857
212 180.16211486060706
216 176.21990364230606
220 171.85802752854698
224 167.50841957819028
228 162.7520354585192
