64 192.3639268796814
68 195.37327675909714
72 197.98711179102634
76 200.23173688397932
80 202.16544177869565
84 204.1697589616285
88 205.83805456208881
92 207.3379367311632
96 208.71257128011234
100 209.87802646951124
104 210.9853456440686
108 211.81966149490142
112 212.59714550446978
116 213.243352351339
120 213.73064464712638
128 214.3892004321616
132 214.50851445443152
136 214.47916207940744
140 214.20794631642374
144 213.70970292653638
148 213.0938474688865
152 212.4915593830368
156 211.76477181262567
160 210.80989952323145
164 209.60283813917215
168 208.2482975155918
172 206.87951026460303
176 205.21729951017056
180 203.2598924063052
184 200.91222732739175
188 198.59760378980812
192 196.03998999245772
196 193.11287602340093
200 189.90950786315415
204 186.7941654289155
208 183.39151933324783
212 179.53519864266693
216 175.59274430486835
220 171.59169652309737
224 165.6945766337666
228 160.63201746310162
