64 193.32097413314094
68 195.7419649153845
72 197.8873281515358
76 199.980513909141
80 202.19818842657472
84 204.24734069863058
88 205.90454438576916
92 207.49839506317568
96 208.9449422431369
100 210.25198287961956
104 211.42212666598164
108 212.09209239653086
112 212.78683186165128
116 213.35580735361515
124 214.28325277762826
128 214.49683283656537
132 214.67721243023942
136 214.75758931356637
140 214.5244209699825
148 213.47595722957757
152 212.69815992717793
156 211.92979675366402
160 211.05911409703864
168 208.50276375268132
172 206.8853751173187
176 205.12011878679044
180 203.2775374139318
184 201.08995457116012
188 198.60826976765392
192 195.86317557100318
196 192.8844510971146
200 189.49221794283955
204 186.52033120791208
208 183.44378717223842
212 180.05943114013257
216 176.38878098128416
220 171.96269082615106
224 166.39694164087186
228 161.91935543802774
