64 192.87977688102524
68 195.9516370626773
72 198.4198562264893
76 200.4156248422112
80 202.25834638926213
84 204.09770119522463
88 205.85176508288507
92 207.52459806838544
96 208.9343682119598
100 210.17276322623638
104 211.27412401430837
108 212.13381158970893
112 213.0026056613159
116 213.691980421945
120 214.1525307540524
124 214.34356217691362
128 214.50395862955094
132 214.5370847093614
136 214.56236063117518
140 214.43830961992944
148 213.5250794226941
152 212.81750543100597
156 212.0420285566397
160 211.10689965627037
168 208.73725576043213
172 207.26785281247382
176 205.40893813773414
180 203.4085087038647
184 201.14407965698217
188 198.84831513513745
192 196.3467862597932
196 193.4961883839632
200 190.36254877288883
204 187.18307584681622
208 183.69473266510946
212 180.13651960530092
216 176.22788609587275
220 172.04836991072386
224 166.3818614543569
228 161.7485191249687
