64 191.3345602437272
68 193.48943069312912
72 196.03871621788034
76 198.47416308550936
80 200.6695396621267
84 202.38581078459072
88 204.172023421803
92 205.56747015397224
96 206.9642077787599
100 208.1353640822399
104 209.35008961056695
108 210.28462268475496
112 211.07024468911104
116 211.72714715731027
120 212.1394115711717
124 212.38283718186776
128 212.7245961030959
132 212.73670198506707
136 212.69389724578411
140 212.58262507993334
144 212.35539579214867
148 211.99793013416982
152 211.41518056249902
156 210.47130083014346
160 209.26437038690776
164 208.12586964781852
168 206.70839116097153
172 205.22737422086004
176 203.46591622466224
180 201.5029556564936
184 199.3706989333289
188 197.02875963712216
192 194.25663375647113
196 191.28106117966715
200 188.22526447488934
204 184.99043198708156
208 181.89966408660288
212 178.43560210827172
216 174.4521435312027
220 170.29970959703354
224 165.63047101863899
228 159.85029216759546
