64 193.25229108306797
68 196.0315403685746
72 198.29201124873384
76 200.41643362039144
80 202.49923646661892
84 204.5247808278557
88 206.22656949922774
92 207.71766518095762
96 209.11276280864274
100 210.46288074123103
104 211.61011333189623
108 212.44407046414446
112 213.31235285449884
120 214.40461337776028
124 214.75035406880548
128 215.0815088980787
132 215.30385239542358
136 215.29209007955444
140 214.96596624805468
144 214.58422013995656
152 213.25841006465623
156 212.64046283418114
160 211.85853935528166
164 210.71721419912873
168 209.194837931113
172 207.73901570253344
176 205.8988978205364
180 204.00579201235132
184 201.79353602288018
188 199.52331221517082
192 196.90242240103197
196 194.04276922670186
200 190.7469833298
204 187.14755884694785
208 183.7426198339931
212 180.26711760195897
216 176.61922227098933
220 172.07293519355923
224 166.69518819929652
228 162.89893238544684
