64 192.4273874699715
68 193.97954136166243
72 196.46576092302126
76 198.6615212992644
80 200.63976593021303
84 202.45131133075986
88 204.3022485956374
92 205.88243112858046
96 207.44385642202263
100 208.75858154290577
104 210.1464868849456
108 211.05783807717336
112 211.82525551851478
116 212.37502854046832
120 213.02236033152917
124 213.38138717240832
128 213.6276711647939
132 213.66282572542892
136 213.65316414032503
140 213.51114707698542
144 213.3235155244543
148 212.8798425707957
152 212.31989166769856
156 211.58198135885235
160 210.653365727326
164 209.21427153508392
168 207.952687828857
172 206.48003319419675
176 204.72425300843668
180 202.7161229033896
184 200.5668901926695
188 198.2450424226104
192 195.59255137590628
196 192.81990278921984
200 189.78579363851907
204 186.46852010119397
208 183.13493352407198
212 179.58399163669372
216 175.6718891349404
220 171.528559203853
224 166.55886555467396
228 162.08005563165676
