64 194.23003586094688
68 196.6297266999447
72 198.95336235174958
76 200.99710551788118
80 203.16031499294252
84 205.35270871238282
88 207.34002473177102
92 208.95127729746804
96 210.25453681222044
100 211.49660403985493
104 212.5886314049796
108 213.46379739975777
112 214.2075108335648
116 215.0773587454529
120 215.61085374288305
124 215.97577000786282
128 216.18269193158264
132 216.29793280507377
136 216.28193629320944
140 216.10263127529694
144 215.86569146750327
148 215.51903282931886
152 214.8974982689268
160 213.07189563469848
164 211.98265619365282
168 210.71271982775136
172 209.20824090283807
176 207.6162892048904
180 205.72038247801163
184 203.64928756927952
188 201.28776084781205
192 198.65982851591392
196 195.86686347181018
200 192.73578317376285
204 189.45667651285672
208 186.3377452308237
212 182.7004107111826
216 178.90530778004555
220 175.0510612104402
224 169.39166927316637
228 165.4154582538281
