64 192.026666738657
68 193.44799330731666
72 195.79030466949416
76 198.16255338738296
80 200.45816603459306
84 202.28931951204646
88 204.22146847500252
92 205.88822364612886
96 207.24023838907746
100 208.47292176667204
104 209.79004931034888
108 210.79377577200952
112 211.4713103150087
116 212.04257747903483
120 212.69453693565862
124 213.0965176866875
128 213.41650249831704
132 213.5115000396249
136 213.35935809931001
140 212.97371370688356
144 212.67765876555902
148 212.30241729511215
152 211.75285222542732
156 211.00718970515288
164 208.94132359825917
168 207.8469938917767
172 206.39406419050502
176 204.4062780399859
180 202.2051906933085
184 200.1235233665111
188 197.99726205464665
192 195.5117558683808
196 192.57771187568892
200 189.39767489240313
204 186.05445623227678
208 182.5073366077287
212 178.84482827173622
216 174.96662973785232
220 170.87109411938786
224 166.87260870753823
228 161.72864536126485
