64 193.28272408407625
68 195.83647110617727
72 198.40486641380966
76 200.51471215816494
80 202.51618704146318
84 204.42096814509657
88 206.25990752872252
92 207.9534352897523
96 209.37089423086712
100 210.61690887153122
104 211.9199164444663
108 213.03446921611854
112 213.80687380170704
116 214.45467598110216
120 214.95267546286095
124 215.33666829055076
128 215.67850502808426
132 215.90812370636817
136 215.7897638569608
140 215.55604485522434
144 215.2667905147223
148 214.77648402244847
156 213.32847413917662
160 212.46230254382175
164 211.5024946046834
168 210.25919629132204
172 208.81932544121253
176 207.1532107188914
180 205.12037508445866
184 202.94773660606262
188 200.63686317390352
192 198.1317242104265
196 195.51515898230085
200 192.7330499152967
204 189.52891783284196
208 186.2488232944865
212 182.74728386894907
216 178.66500243722572
220 174.57941241175718
224 170.43528328775238
228 165.97294936646625
