64 191.29960411067017
68 192.769339384065
72 195.37474922727534
76 198.0728821851556
80 200.51630777685637
84 202.6494639824438
88 204.68546616446764
92 206.21290629833774
96 207.61720440186082
100 208.97272861491558
104 210.27862208743113
108 211.30306838518132
112 212.07465526978356
116 212.70891877908065
120 213.25867818634953
124 213.5912237308973
136 213.7867045332506
140 213.72801707474403
144 213.4572820242476
148 212.93687127234722
152 212.29812150238837
156 211.5294684808378
160 210.62462622710297
164 209.43513513354168
168 207.95695769856076
172 206.37993229511017
176 204.59361983589508
180 202.7413234558297
184 200.5930045938665
188 198.24648093966843
192 195.64113185912677
196 192.85414553792026
200 189.86111929515187
204 186.76263806318389
208 183.38948605674824
212 179.47316501968916
216 175.1549943892707
220 171.40540834189906
224 167.824305022642
228 162.84014495019403
