64 192.86370769778034
68 195.27125226777832
72 197.9885959982746
76 200.22888280700215
80 202.27036456797313
84 204.24908375505078
88 205.91946461224376
92 207.4905132002203
96 208.94271060656496
100 210.45701702000753
104 211.69754748477254
108 212.61010141200268
112 213.43746645187608
120 214.5004976706132
124 214.74529376395026
128 215.05325482039325
132 215.2991468641159
136 215.34795861471014
140 215.18052105822917
144 214.82211276967652
148 214.41350726277855
156 213.32487048837348
160 212.51910886045226
164 211.3772019734037
168 210.0480100932007
172 208.50269411619763
176 206.7929031739217
180 204.73474528562798
184 202.61144023219242
188 200.34970044306823
192 197.80890419453593
196 195.2849245543114
200 192.25898878214142
204 189.01026698662196
208 185.85231360113647
212 182.36201199568262
216 178.31513478259933
220 173.97896983588976
224 170.00664228435494
228 165.33329690761096
