64 191.90537724808866
68 193.4595584773918
72 196.52594130595745
76 199.05455917585695
80 201.2304438321734
84 203.2062948284903
88 204.87365427140108
92 206.35111598029314
96 207.79359473429972
100 209.17012754830478
104 210.49615447872108
108 211.31255983724
112 212.07519131700397
116 212.839780466847
120 213.54577308905783
128 214.11374319368053
132 214.32028704810784
136 214.27425308757012
144 213.52035173651396
148 213.05085918708022
152 212.58220530690255
156 211.86638711548994
160 210.99211728341447
168 208.72240006900208
172 207.21227732167293
176 205.27037887262625
180 203.48977252124348
184 201.36879210872073
188 199.18031977970378
192 196.56517695749463
196 193.590290246297
200 190.5286239482138
204 187.4963659237779
208 184.17121432674332
212 180.70617159536175
216 176.95455934678654
220 172.82513550131213
224 168.14887700299647
228 163.43841453702305
