64 194.0394882772372
68 196.9094301349054
72 199.1278089063239
76 201.05651732982398
80 203.14515596145728
84 205.298284156672
88 207.2065828823029
92 208.94729007750715
96 210.42555580722126
100 211.70749211777203
104 212.7900710217708
108 213.67774370642434
112 214.50879386381973
116 215.16426016302003
120 215.70413017611736
124 216.0490184650736
128 216.28740619129033
132 216.44490422134928
136 216.3677923826909
140 216.18623762972493
144 215.8583678941697
148 215.42331677966845
152 214.86410103449475
156 214.1891331990559
160 213.2778390170172
164 212.23264895811332
168 210.96733516427668
172 209.49986193596516
176 207.7762625964658
180 205.87454484497263
184 203.7336598345936
188 201.5251229815622
192 199.07616156275157
196 196.53829160311588
200 193.7781279080309
204 190.8378595612676
208 187.64295206446536
212 183.9224971881003
216 179.61004666067169
224 169.8318711224806
228 166.85460257770183
