64 191.602674388279
68 193.09461499316444
72 195.5597852937863
76 198.14805335557028
80 200.2707364422689
84 202.32275054088393
88 204.2965521175793
96 207.48320278115307
100 208.76849246255114
104 210.12125447915176
108 211.10662691179868
112 211.85192668272447
116 212.37868795456666
120 213.01940153973518
124 213.42060044339547
128 213.62582767797684
132 213.78378791373285
136 213.79219539452285
140 213.513035452046
144 213.07402519858192
148 212.63450626312522
152 212.0296940863374
156 211.48949721304137
160 210.66926770183485
164 209.55876053478903
168 208.113095512778
172 206.5382129113802
176 204.72556374668827
180 202.84922439065292
184 200.73920930217568
188 198.33818416653187
192 195.73676287052447
196 193.04751281837736
200 190.05264419438535
204 186.8239320135488
208 183.56205574745783
212 180.20565840893974
216 175.59705550888611
220 171.54832572880645
224 167.06627146842473
228 162.84307102579703
