64 192.64305385823542
68 194.62847148459656
72 196.57557038788644
76 198.38341476530655
80 200.66026380171695
84 202.61226715167606
88 204.35708034541454
92 205.93027833334608
96 207.5116347086314
100 208.9231473781785
104 210.17018889286678
108 210.956137575605
112 211.78809952776248
116 212.44606693948785
120 213.22897776146215
124 213.70748808673918
140 213.8489003567084
144 213.4104727955226
148 212.82615364369832
152 212.1922063598073
156 211.5160399363569
160 210.55452777778444
164 209.29013466265945
168 208.12136132476928
172 206.75600131706884
176 205.05152360288753
180 203.1973549289147
184 200.96382406188656
188 198.49154802461928
192 196.02558712076257
196 193.33654574769253
200 190.24449868469276
204 186.9319267010083
208 183.84872916580872
212 180.2402341644625
216 176.31338231909228
220 172.268152504848
224 167.79726407640788
228 163.14187412423541
