68 194.6655783853066
72 196.29593077496554
76 198.25484659303748
80 200.49370480938236
84 202.49311573371762
88 204.36134489026475
92 205.96122764663943
96 207.38578260214894
100 208.678871100644
104 209.8304690511863
108 210.74748234831222
112 211.67154305922537
116 212.25239763306175
120 212.91890361727255
124 213.38605874534682
128 213.75807861711797
140 213.67924293704695
144 213.20216643322982
148 212.64448725170672
152 212.10922960672104
156 211.44509057254606
160 210.54381957826382
164 209.33903473713468
168 207.89334672663588
172 206.40322045138385
176 204.65809882140928
180 202.73855226338011
184 200.56868092167795
188 198.20080071783514
192 195.62187650068432
196 192.80415297129144
200 189.8060445957372
204 186.79801028730225
208 183.3919365126368
212 179.7524330904493
216 175.71058961142668
220 171.45956630699698
224 166.65872998321908
228 162.7435577826826
