64 194.82063567046453
68 197.48348935242004
72 199.4422488728415
76 201.72017837341798
80 203.86912362317298
84 205.8148142187727
88 207.47043888100185
92 208.93579118453573
96 210.40982141153023
100 211.91666149511562
104 213.08435230804204
112 214.97138310595048
116 215.47684286017937
120 215.95575885278578
124 216.2615601951352
128 216.52677054250907
132 216.57269414874392
136 216.47270182129398
140 216.30285530532606
144 216.04356698990878
148 215.4965029045658
152 214.9722511599157
156 214.2783955960706
160 213.41652791430056
164 212.37120920304514
168 210.98725945636508
172 209.4104663312373
176 207.7702173996505
180 205.8471132921088
184 203.7570242019762
188 201.4869695774211
192 198.9850345257098
196 196.237296555459
200 193.22631466789468
204 189.85163204236056
208 186.43058987010886
212 182.82749779123327
216 178.96662305848912
220 175.1869939610449
224 170.64579360516302
228 166.3391065949065
