64 194.89454084132927
68 197.41562151462068
72 199.72235777545941
76 202.03630615490437
80 204.14890201436015
84 205.999838150051
88 207.70547959014067
92 209.225894653399
96 210.75915502159768
100 212.2169390707315
104 213.26308119876765
112 214.87292168072787
116 215.56601600828725
120 216.18071284484958
124 216.5924929826854
128 216.69985695608742
132 216.78380302181438
136 216.81539876010254
140 216.62953664978897
144 216.38777669154635
148 215.85211063491874
152 215.2500723392615
156 214.5705745295578
160 213.73112537998668
164 212.74967312614962
168 211.3866150628902
176 208.33961299127427
180 206.41066769434883
184 204.18990731820682
188 201.9525150337692
192 199.57293118315147
196 196.99597988434618
200 194.01328983604876
204 190.56614875011132
208 187.4024360200923
212 183.79513324233
216 179.84807792891974
220 175.99513898053746
224 172.49687144638824
228 167.85999852517213
