64 194.58182723059556
68 196.86349720993147
72 199.2967327164122
76 201.7736176173338
80 203.8227399448501
84 205.71179910106986
88 207.41495275768074
92 209.08242246973046
96 210.59718198683458
100 211.91095846771162
104 213.10903047174878
108 214.0983120188263
112 214.8888510181775
116 215.4006181765311
120 215.91322286477
124 216.29444787177084
128 216.47240633464477
132 216.58017457999898
136 216.6514284621892
140 216.50059892355213
144 216.28406657255488
148 215.75674058854074
152 215.064769788275
156 214.18383252985282
160 213.30505065950308
164 212.1214328630882
168 210.8998667357026
172 209.51438884559224
176 207.99358492464052
180 206.37523125490307
184 204.09066255513156
188 201.76863790279074
192 199.26209518720793
196 196.320032452727
200 193.14924547333393
204 189.98134086183217
208 186.87498925732737
212 183.2750919697146
216 179.24259895280372
220 175.25874040346127
224 170.72983332073875
228 166.06017449783712
