64 195.50886435172933
68 198.23291322905666
72 200.31605848121336
76 202.2698975992825
80 204.41643282102882
84 206.22085171871163
88 208.02542447509578
92 209.60787508916027
96 211.15986366113674
100 212.45638993304047
104 213.59651999859167
108 214.5240514343251
112 215.2060109879871
116 215.83585208420214
120 216.33851475091348
124 216.68244793535825
128 216.9014077626428
132 217.0839746123861
136 217.16230516221253
140 217.00463064832093
144 216.70259345499898
148 216.30681939655153
152 215.59670879354772
156 214.72741666573916
160 213.6777147058231
164 212.43463415912393
168 211.16300470108757
172 209.79635416595065
176 208.21900928298032
180 206.2810227642385
184 204.00226739827585
188 201.62176758384416
192 199.20325167086418
196 196.57980852467932
200 193.71396418188584
204 190.55343619760663
208 187.36034685999692
212 184.03017209747838
216 180.0239925534184
220 175.88689357395464
224 169.81798179262972
228 165.9625601033552
