64 195.5191930244032
68 198.08894898086191
72 200.3836032554205
76 202.59783536953807
80 204.51684915593438
84 206.3303103016072
88 208.15227822688365
92 209.664120698319
96 211.21909631118837
100 212.5292226817637
104 213.51911806554347
108 214.42887427580152
112 215.23025047056336
116 215.98004499691913
120 216.5512121914853
124 217.00372540068582
128 217.2818113264168
132 217.48386228678646
136 217.35647373086755
140 217.03020726480725
144 216.65038140876374
148 216.2481081842804
152 215.59614790717177
156 214.81871780768842
164 212.84169776176128
168 211.6702063643642
172 210.3260045204547
176 208.5237500574978
180 206.4640336572232
184 204.28857147598347
188 202.05916248752416
192 199.61331063738797
196 196.8454416078382
200 193.66604654347333
204 190.60649328820483
208 187.41304155582657
212 183.91811835636304
216 179.90097519526898
220 176.29824899482696
224 172.25444373487426
228 167.034944833206
