64 194.7819396665131
68 197.15685622713892
72 199.3299360750799
76 201.20862775051188
80 203.23496351431174
84 205.39477723742368
88 207.47003135262355
92 209.13802173518903
96 210.58345191223927
100 211.87007746099698
104 212.9731879485405
112 214.61186248190654
116 215.22385445426224
120 215.76949013770218
124 216.06148003315502
128 216.32603264375933
132 216.54876158772748
136 216.41916110911086
140 216.23810327140492
144 215.81027394416753
148 215.37074417574934
152 214.71188069293973
160 212.9119590770153
164 211.84656391733313
168 210.62527874241732
172 209.26992459048606
176 207.67105326516574
180 205.75549497316445
184 203.6751998309225
188 201.42188120304232
192 198.88338548597244
196 195.93803194874752
200 192.8837556510369
204 189.7154832506217
208 186.55196809169863
212 182.7512624624148
216 178.7140230881344
220 174.97254128692953
224 169.70530483510697
228 166.48029803343562
