64 194.04897639404993
68 196.87621568474742
72 199.2580298382281
76 201.44422209005438
80 203.6555939247106
84 205.52038038913904
88 207.29563777197438
92 208.8745607133133
96 210.4359234892455
100 211.74088186458383
104 212.87539112309537
108 213.83217215675313
112 214.55505858156405
116 215.14453054614555
120 215.72292673682702
124 216.08214987714317
128 216.3443351002166
132 216.50398700857406
136 216.37767965367863
140 216.08768744772445
144 215.72160616333318
148 215.22762358621736
152 214.56357011718887
156 213.67702591255141
160 212.6466077487608
164 211.6044143525323
168 210.3003680960032
172 208.83542645868977
176 207.2230489081513
180 205.45139062160007
184 203.4035820830464
188 201.04806716470597
192 198.433787862232
196 195.69561215066193
200 192.78442612527863
204 189.58348956628453
208 186.25461656206136
212 182.4705617912417
216 178.46096856509607
220 174.72759938727847
224 170.40315594037145
228 166.60547865453782
