64 194.35490401620584
68 196.97939029273527
72 199.21030419782596
76 201.26480132993612
80 203.50095718806745
84 205.68432173168802
88 207.47613230765492
92 208.90730139072258
96 210.27296515231356
100 211.52215263317493
104 212.8023316023126
108 213.74838878619374
112 214.53193994762813
116 215.1678327053869
120 215.70845911046302
124 216.04127844147632
128 216.3576184702298
132 216.54317536920314
136 216.56906243358875
140 216.36186574046883
144 216.21520766190022
148 215.69195466472084
152 215.0614024646748
156 214.1807224524675
160 213.18975763346174
164 211.97870963821651
168 210.78632430718991
172 209.32455834713417
176 207.74829288518515
180 205.91345198314838
184 203.9132511134182
188 201.57623222376387
192 199.07733894722472
196 196.27346707402222
200 193.33184038613808
204 190.22110477566758
208 187.11127919473506
212 183.73770349430887
216 179.57153066377208
220 175.0056750243624
224 170.1494944941716
228 166.53367700787075
