64 194.35001429622423
68 196.82620648886336
72 199.20115741887918
76 201.428522900863
80 203.6386971342824
84 205.652656458203
88 207.3681822900042
92 208.92894925720645
96 210.39299888668666
100 211.71983697322793
104 212.93474245928812
108 213.8837244814954
112 214.5446064428576
116 215.0343023064266
120 215.69917048185226
124 216.11855664206922
128 216.39075648580632
132 216.54955121465608
136 216.4902835592195
140 216.3465232303211
144 216.11018479575444
148 215.64043216873202
152 214.9882969259389
160 213.04518994174916
164 211.93943719978586
168 210.5955309292086
172 209.23918927977627
176 207.69434517867853
180 205.92813655025623
184 203.76511408087447
188 201.3560789601001
192 198.64341707626366
196 196.0700688056408
200 193.16601882619017
204 189.9701137219056
208 186.5790188494215
212 182.75693050402236
216 178.7325755169241
220 175.12051420328055
224 170.83260758664784
228 166.82448396415478
