64 194.58197157564413
68 197.60067431388052
72 199.81773786126766
76 202.16430191895216
80 204.21894981464067
88 207.5479816588334
92 209.07474767446433
96 210.50021397941453
100 211.96951774068367
104 213.2499847312522
108 214.27581971257183
112 214.98152732316527
116 215.49867819588496
120 216.04734305237017
124 216.39530167133876
128 216.49676329561407
132 216.5426692708972
136 216.5599274766737
140 216.48711384651014
144 216.2098379697219
148 215.66133310634763
152 215.13592229529468
156 214.4388388594179
160 213.55934281982235
164 212.3111804162237
168 210.95236016826084
172 209.5642158236427
176 208.09308568085697
180 206.266390967703
184 204.08106682704317
188 201.67545773839316
192 199.17893991852515
196 196.35629782275686
200 193.0955771082248
204 189.8428714262661
208 186.93104982583506
212 183.62678225068152
216 179.92289733444255
220 176.20013637926337
228 165.85825091553636
