64 195.68284376550235
68 198.1368357125309
72 200.17712398993464
76 202.10395809710505
80 204.21844007998925
84 206.34902803376409
88 208.33558062497008
92 209.7661848965817
96 211.2330178628495
100 212.59404257342925
104 213.82781370572764
108 214.7985427212863
112 215.4148327839967
116 216.01541008384646
120 216.58957295728092
124 217.0510722833594
128 217.27434881395573
132 217.4682221317769
136 217.39109702662967
140 217.1047934177229
144 216.65579015902387
148 216.23463446585612
152 215.58599187475937
156 214.75153808569212
160 213.7835453524309
164 212.6165541567396
168 211.21677016068654
172 209.9019045233931
176 208.42704463428188
180 206.52291255888053
184 204.09073241870323
188 201.6877063959193
192 199.32969147333236
196 196.87426866759498
200 193.92736088503398
204 190.49441501790983
208 187.17290846202155
212 183.77756442290297
216 179.88425244043555
220 175.709454072987
224 169.7780663019942
228 166.56137389643632
