64 195.49160259936463
68 197.78843595010505
72 199.95580618160852
76 202.23006566388096
80 204.43696255288262
84 206.26541323736265
88 208.00351066514327
92 209.4656868436598
96 210.91687925657627
100 212.2104860556608
104 213.39341591424358
108 214.4986250753588
112 215.20209375263175
116 215.77585015886345
120 216.2294331990036
124 216.609873169301
128 216.83939599730044
132 216.96253355121848
136 216.88079865579775
140 216.73408530369483
144 216.47008879950891
148 216.09024824504954
152 215.53690994625154
156 214.72652646058287
160 213.7211910225514
164 212.4092868989062
168 211.1845943189958
172 209.874266805898
176 208.33016395441598
180 206.53069252345938
184 204.4041413533913
188 202.1587551303553
192 199.5776180954839
196 196.93587746232083
200 193.90539931924462
204 190.7545889124131
208 187.42671590818762
212 183.79788659004055
216 179.82984578523565
220 175.8560033699395
224 171.87252270932254
228 167.31262747132774
