64 195.73791699614122
68 198.01210914380493
72 200.04847310005187
76 202.0423023170007
80 204.2109667590134
84 206.26848927937476
88 208.2102617794292
92 209.81090505863682
96 211.2781818678889
100 212.53581260373866
104 213.54137525050123
108 214.399488015656
112 215.1879495285487
116 215.89763174264007
120 216.42769213466758
124 216.88279637232503
128 217.17194743014588
132 217.44590144375536
136 217.37604081780367
140 217.10266463591742
144 216.60198949133567
148 216.13178340135602
152 215.48228189431887
156 214.79106693937663
160 213.84415276962932
164 212.79773493925384
168 211.59198001415623
172 210.25529731316342
176 208.7561003651268
180 206.75414352363214
184 204.48055406216648
188 202.22910788455266
192 199.73015831456735
196 197.06182097564323
200 194.0955355022448
204 190.90218462490088
208 187.38379271640122
212 183.8362155872241
216 180.27669087597283
220 176.44495551461736
224 172.12513809883757
228 167.15853500443257
