64 195.30965681253645
68 197.8150019508909
72 199.9073774121562
76 201.96504271061815
80 203.90300890378728
84 205.91828190291795
88 207.6890429983066
92 209.27636273388512
96 210.73317886000817
100 212.03170192406918
104 213.14298260406778
112 214.9991510199397
116 215.61796121236608
120 216.15994724212595
124 216.56192926012062
128 216.84923406261004
132 216.90572581091922
136 216.9482785340618
140 216.70284006855144
144 216.39919267628295
148 215.87183179913688
152 215.26029331724314
156 214.4771021382293
160 213.5849867341633
164 212.47434074110888
168 211.27652274854728
172 209.85176700750185
176 208.29024313412526
180 206.36266877723978
184 204.1416437228383
188 201.820476775464
192 199.38397315853382
196 196.67117089123906
200 193.57528516070408
204 190.477485811169
208 187.4205413189215
212 183.7679601530499
216 179.9007937453818
220 176.08326540831848
224 169.97814272841026
228 166.48029701912446
