64 195.45799869637474
68 198.0143108108981
72 200.1900440756175
76 202.18433960775263
80 204.39952566271566
84 206.30133949709125
88 208.0549602535284
92 209.5633613814976
96 210.99065130434923
100 212.25555201932337
104 213.52068365681163
108 214.4551876915581
112 215.14481955602486
116 215.7887228768597
120 216.2302753990129
124 216.6537379304445
128 216.75041083948017
132 217.01058506083774
136 216.94372855258442
140 216.77147402687808
144 216.50522955802268
148 215.99122741544724
152 215.3441152144935
156 214.63049779112333
160 213.68336174201272
164 212.50890462121697
168 211.1887195623977
172 209.8545212800099
176 208.407427782819
180 206.45562050973507
184 204.3225061298135
188 202.1472288659934
192 199.59054211121713
196 196.7310934971573
200 193.59183855359612
204 190.38074766889076
208 186.9200992380848
212 183.00785122311095
216 179.29733894153787
220 175.23680625042957
224 169.1974459422255
228 165.50893004933639
