64 194.85584534414838
68 197.51337135757132
72 199.56280304307762
76 201.65673590230458
80 203.58752891825867
84 205.68162058248828
88 207.56690240969493
92 209.26752341475762
96 210.7605926601856
100 212.04366341044752
104 213.24822446906532
112 214.78623978682396
116 215.4655490146051
120 216.06104237609821
124 216.40605620895005
128 216.58167921621552
132 216.60370954005606
136 216.59277855530937
140 216.52588477287665
144 216.3172334686257
148 215.9224634643253
152 215.39668335863905
156 214.67644018242254
160 213.8149765737061
164 212.7501104783894
168 211.3590784386756
172 209.89438698842918
176 208.36724829103613
180 206.53830867992843
184 204.35268219455196
188 201.91958490823401
192 199.45391413717138
196 196.8488317751443
200 193.86066992077122
204 190.63225560917982
208 187.26343172461384
212 183.8025616685481
216 179.67371211888832
220 175.66781549084035
224 171.97513336389608
228 167.34348549086684
