64 195.5814965013799
68 198.13773743687966
72 200.39631069798742
76 202.5283969350925
80 204.66841895023776
84 206.48136311580427
88 208.13638326182922
92 209.61852702251159
96 211.2282683587852
100 212.65181207836278
104 213.85021869265822
108 214.76048262070395
112 215.4366255806609
116 216.08248650515546
120 216.56572829453734
124 217.08280630250218
128 217.42942291672875
132 217.64334774150547
136 217.6178944483176
140 217.26243370586974
144 216.7447996744073
148 216.33382957156863
152 215.68663262236717
156 214.91172010104657
164 212.75358552131334
168 211.4095880483566
176 208.6146987749811
180 206.81304702830334
184 204.5263977473519
188 202.32690530530283
192 199.91579858680052
196 197.14960094392137
200 194.0809104395939
204 190.8420342962288
208 187.49697669257114
212 184.01233378243737
216 180.10235883229558
220 175.96140319072063
224 169.49540907902872
228 166.77857315934392
