64 195.45471101410888
68 198.34142390820645
72 201.02729103619913
76 203.12286063010535
80 205.16057339441335
84 207.0849573843705
88 208.99493599053602
92 210.79370490539225
96 212.27607070548385
100 213.46172929656694
104 214.58973683021532
108 215.40007407063032
112 216.27324764143822
116 216.98947699141812
120 217.5927921304789
132 218.28692557352187
136 218.3868952119562
140 218.27008232328188
148 217.33955699632384
152 216.6286049141729
156 216.03794109358356
160 215.12166419339778
164 213.82981186168027
168 212.53154574873435
172 211.0367866416948
176 209.34732252369997
180 207.38646790465538
184 205.21291663200276
188 203.03094875317802
192 200.49689763214016
196 197.62636214902278
200 194.65912177813527
204 191.55446836692556
208 188.17224730736373
212 184.64752540952168
216 181.3412368083852
220 177.22774182828275
224 171.9781707596185
228 166.93657268077826
