64 195.14232374527728
68 197.85153948499917
72 200.15120722140097
76 202.18270788263192
80 204.31547237867113
84 206.32886972973677
88 208.28704996310225
92 209.79209491550995
96 211.29478813868266
100 212.63617993473989
104 213.67855579650313
108 214.4719146921367
112 215.12551653717668
116 215.81541109634674
120 216.4120323642092
124 216.8315338100582
128 217.24661437159432
132 217.50373970010378
136 217.43025444678844
140 217.1233772333141
144 216.66406309553807
148 216.226511487214
152 215.56376124973355
156 214.80533391680635
160 213.85716847661547
164 212.62553429791615
168 211.27453991033244
176 208.5217045838908
180 206.5740239756371
184 204.3393837881408
188 202.0826543615862
192 199.6048459559458
196 196.93274605437205
200 193.79302764970026
204 190.45300424761407
208 187.18061795894377
212 183.77402631568268
216 179.82518761650684
220 175.5822891377078
224 169.64531212683622
228 166.66607210323167
