64 194.72197356293495
68 197.21395362575618
72 199.39216314441973
76 201.85360236209556
80 204.0038523058069
84 205.83412692485024
88 207.57437801268415
92 209.1226690198448
96 210.66471478944186
100 212.16251343954502
104 213.23497773774687
108 214.20578739779967
112 214.93908662491015
116 215.59819338624663
120 216.069424459424
124 216.28025931958064
128 216.53659288907
132 216.6368798180614
136 216.5904321712855
140 216.460027078349
144 216.3440433935491
148 215.8052857530477
152 215.15562004496343
156 214.40027372621725
160 213.56214633499107
164 212.43684400765807
168 211.03048323305174
172 209.6144109088304
176 207.9913149055394
180 206.20600192881267
184 203.9632945645929
188 201.67806812779318
192 199.3280471141407
196 196.61198459874774
200 193.56396263718867
204 190.5244936329388
208 187.40522743122517
212 183.75786436021443
216 179.5098264404853
220 175.56920741923153
224 169.98319479964715
228 166.57145657102757
