64 195.86478201635734
68 198.25917147933342
72 200.31300312523604
76 202.33756941635596
80 204.45440522952407
84 206.54712882149863
88 208.57151834019535
92 210.06765523111935
96 211.49965112646626
100 212.87729201743326
104 214.18255518548526
108 214.999035703562
112 215.69166084947148
116 216.36021910407712
120 216.83501038918988
124 217.36685680638175
128 217.73001169961606
140 217.59836490916422
144 217.00429642156664
148 216.58128540778182
152 215.83646872242144
156 215.15312045450867
160 214.1790466351386
164 213.03815260943844
168 211.70187233498717
172 210.22797754416513
176 208.684182777464
180 206.81957533917475
184 204.56507640675918
188 202.22621831857188
192 199.6964446300728
196 196.92850439246763
200 193.957937261753
204 190.99003328390515
208 187.87581785969707
212 184.3739968877695
216 180.48549809665838
220 176.34685262136074
224 171.03048987300394
228 166.84151407221097
