64 194.85348952093503
68 197.84304583454724
72 200.0862476201451
76 202.12662506703518
80 204.27282333926672
84 206.43357397083042
88 208.2421552999721
92 209.62382227436368
96 211.00255433232252
100 212.29944443080876
104 213.44674015793822
108 214.38428238166563
112 215.12719976590253
116 215.81192749440825
120 216.28658627466652
124 216.6201386374005
128 216.94837903872218
132 217.17991104569268
136 217.26143213678432
140 216.96176475650847
144 216.56272153684225
148 215.8984607061108
152 215.25176332909513
156 214.51167128404293
160 213.6020641641313
164 212.50054785283157
168 211.27224510421914
176 208.55911417721006
180 206.67057645062928
184 204.31227967847423
188 201.95442766186346
192 199.57629470775535
196 196.85940086401462
200 193.87578708974715
204 190.45911169767976
208 187.1794788725368
212 183.72953572820094
216 180.02479109943295
220 175.67147084446873
224 169.78554323620125
228 166.86030584574274
