64 195.16276783376583
68 197.78038072825126
72 200.16555276217107
76 202.2365108932544
80 204.4014405754168
84 206.45557095349534
88 208.40615344878412
92 209.9214939378455
96 211.49098834925584
100 212.9187962202464
108 214.719419468055
112 215.18259620621643
116 215.699926481869
120 216.25026463756257
124 216.52897292869258
128 216.8630746353831
132 217.01138067358426
136 216.99876483438794
140 216.7362651401689
144 216.35460055703263
148 215.79234889187356
152 215.16268263277777
156 214.3613037567406
160 213.49251517126066
164 212.39816217973566
168 211.17648950561227
172 209.8521936284332
176 208.0386855625295
180 205.82856034794753
184 203.76339207238306
188 201.54843916645265
192 199.17357850062248
196 196.43403742698837
200 193.47701751616762
204 190.1994046124811
208 187.15290388162845
212 183.70763932432138
216 179.94384090933687
220 175.37471300303224
224 170.11024922212033
228 165.9440697354681
