64 196.02318013161803
68 198.6659605721915
72 200.87262376781814
76 202.92502299960225
80 205.0365671586543
84 207.0152984134517
88 208.83103051267122
92 210.27982564399122
96 211.6568028594333
100 213.01006241818678
108 214.96891446915723
112 215.78844116134326
116 216.52680081676428
120 217.2127094679937
124 217.50478487367053
136 217.8576009042708
140 217.6974369470381
144 217.13505454891396
148 216.5263332716557
152 215.80371539971927
156 215.1780264725501
160 214.18410228121544
164 213.12019836271972
168 211.79379902028575
172 210.39970752150134
176 208.75874163171284
180 206.81753263067665
184 204.52561552164602
188 202.23865182840413
192 199.84739869208624
196 197.15944666884138
200 193.9363279846682
204 190.2573533720023
208 187.00364291242605
212 183.90559569214548
216 180.41784450336274
220 175.96977596587345
224 169.7173866586914
