64 195.90399955430496
68 198.14829172445502
72 200.04600028959166
76 202.18666415536416
80 204.45388974947892
84 206.55345184066204
88 208.50177401674003
92 210.13771106927805
96 211.57118510326612
100 212.85700745794975
108 215.02997741860548
112 215.79509145544108
116 216.3715903125268
120 216.9883930348769
124 217.41025182060076
128 217.78834990029065
136 217.7582772301688
140 217.52280907475986
144 216.96920181401794
148 216.5150318560336
152 215.8500899676725
156 215.1050084864575
160 214.1754763142162
164 212.9386759605178
168 211.488230645538
172 210.05982719740683
176 208.64249571007494
180 207.02672000773268
184 204.65267453126796
188 202.2102482872711
192 199.63006119394947
196 196.84684972720095
200 193.87720269715018
204 190.7556751852535
208 187.5271691633233
212 183.81755825253197
216 179.55408288294083
220 175.60847526496656
224 171.10792247563649
228 166.94898944469747
