64 195.8906544025106
68 197.95452777928665
72 200.15835638849413
76 202.326964899714
80 204.47430703245539
84 206.50999791946603
88 208.4598259535104
92 210.12140654489562
96 211.58541722868395
100 212.88976741438339
108 214.86227114926254
112 215.69757617695095
116 216.22356211191817
120 216.79761189720045
124 217.26908792113446
128 217.6089266314249
136 217.71704212037025
140 217.52343766349202
144 217.0881812487991
148 216.66059795236097
152 215.95158258232146
156 215.1129005379422
164 212.81363404300237
168 211.45749734058975
172 210.07788957129787
176 208.44465282262232
180 206.54473325523634
184 204.39761698632037
188 201.94743167897252
192 199.23042142093647
196 196.60877152660134
200 193.6498920456887
204 190.4646202390655
208 187.15967488846746
212 183.43679969377428
216 179.2389315717014
220 175.00517926697978
224 170.6188415434631
228 166.32478162974442
