64 195.60555187654327
68 198.5277316777907
72 200.72220535021435
76 202.75987091203493
80 204.68777378454283
84 206.67606151070342
88 208.55931000379377
92 210.14190091566292
96 211.60151421418664
100 212.8254355815519
108 214.8372666973624
112 215.4604769435082
116 216.11670357397864
120 216.77341597232396
124 217.3137141120575
128 217.7112257696085
132 217.77155556243486
136 217.72618227816395
140 217.48802539983902
144 216.96046574642835
148 216.41029339832355
152 215.68997642163754
156 215.0705011979984
160 214.07468669513517
164 212.93912575160238
168 211.6519558531446
172 210.2919347011705
176 208.59092296273235
180 206.61127731162145
184 204.31210640701389
188 202.00975816351934
192 199.20372104035363
196 196.3697194935874
200 193.25267454251963
204 190.30524751464515
208 187.22828875160263
212 183.78985410542714
216 179.36140876607138
220 175.0325504458062
224 170.810092915638
228 166.78349640812883
