64 195.8554230129875
68 198.30382436781963
72 200.47311483232966
76 202.619904236663
80 204.578647637833
84 206.62824916979224
88 208.38755364726745
92 209.9459742764896
96 211.53864874089768
100 212.90963705377783
108 214.97085468167543
112 215.70330738201622
116 216.31956148628592
120 216.88742841892687
124 217.3581580666536
128 217.73306500158648
132 217.82447183042802
136 217.79407011364697
140 217.59047390800896
144 217.137054307248
148 216.62039322900347
152 216.00339949760615
156 215.2757855678873
160 214.14328127718883
164 213.03781829885827
168 211.78398552020744
172 210.3542935649254
176 208.5413213312534
180 206.6127729119146
184 204.49218202876025
188 202.2481061400361
192 199.738991732336
196 196.819810201848
200 193.60126510944232
204 190.5064879079207
208 187.17927843328516
212 183.44623570101567
216 179.30759231342245
220 175.35309220519378
224 171.31368549058482
228 167.52283967585458
