64 196.03287019908203
68 198.72686546064608
72 200.8745373931556
76 202.74988999216714
80 204.89727485342513
84 206.74340518535797
88 208.6971672761085
92 210.34063830814267
96 211.97255527665806
100 213.1553761731183
104 214.1481842112518
108 214.97660257068873
112 215.81981371204967
116 216.51352549793526
120 217.26387945791305
124 217.64436019110704
140 217.70127471085678
144 217.1736797650934
148 216.55880393562535
152 215.89838166014712
156 215.18652013006317
160 214.18147683779858
164 212.87836155656103
168 211.56867569440126
172 210.21285625209816
176 208.66048940716433
180 206.68586583826584
184 204.4352637737109
188 202.13318479952983
192 199.71611403788845
196 197.05124323046192
200 194.05189178097672
204 190.86428381600192
208 187.55904055592714
212 184.25961346559257
216 180.73338874278122
220 175.92252100424076
224 169.25104527673093
228 166.0618510356084
