64 195.74729860193966
68 198.3000674498652
72 200.63885700114423
76 202.8317007398647
80 205.0574015737633
84 206.9152423777257
88 208.6824662779554
92 210.18236656204814
96 211.63855307065816
100 212.96194356916655
108 214.94541648403464
112 215.65718357175163
116 216.35140957656907
120 216.95728512530354
124 217.35659041708743
128 217.75422417216905
136 217.79499725286675
140 217.5643834945232
144 216.9816864132581
148 216.32205338558538
152 215.49829023361764
156 214.74057106784633
164 212.9414929658259
168 211.66678440578175
172 210.18857630451586
176 208.41491736168908
180 206.33691363509905
184 204.28494253500153
188 202.2463816238993
192 199.771281132203
196 197.03127375963024
200 193.8834116858451
204 190.6368546726376
208 187.433074962834
212 184.09395440396133
216 180.51065414266935
220 175.9856569937645
224 169.34869985993134
228 166.34730845462875
