64 194.20858834804437
68 196.4860359434294
72 199.18207001134346
76 201.68940967472386
80 204.00106412539654
84 205.84108531414816
88 207.3244777348008
92 208.61315352336712
96 210.1424963454073
100 211.52497741741814
104 212.86787466963767
108 213.7905823817842
112 214.3690552416548
116 214.7765124567363
120 215.3145123125553
124 215.60703092192918
128 215.8589803496885
132 215.8834285104607
136 215.73068571289284
140 215.50478459618338
144 215.23740575775926
148 214.82083823880686
152 214.1705885972958
156 213.43437428662583
160 212.39634852358296
164 211.2312680094983
168 209.87758759658183
172 208.44239298787073
176 206.95666759993185
180 205.0430793164821
184 202.86471095224937
188 200.20944734296683
192 197.4724078232956
196 194.7721981193252
200 191.85783363760655
204 188.53619924500322
208 185.13425338109187
212 181.4611025941619
216 177.6396522729916
220 173.40754586838813
224 168.4866379216828
228 165.37715600412602
