64 194.61083385874448
68 197.1039198570289
72 199.2558539003785
76 201.23483027283183
80 203.37869916915074
84 205.27430934307725
88 206.93680428256695
92 208.37486676622387
96 209.88700791661284
100 211.16727676399944
104 212.2491387160473
108 213.31164227760428
116 214.62573716988896
120 215.18091888036486
124 215.44768715738326
128 215.74396548185805
132 215.86805477795394
136 215.83675888919714
140 215.61587405669763
144 215.22698705557073
148 214.69842435511856
156 213.1846434161653
160 212.39650221750537
164 211.47089548381084
168 210.26097178848045
172 208.86028984117658
176 207.20891547174875
180 205.02403304960967
184 202.74699997251284
188 200.2437996191226
192 197.72618235707387
196 194.95587352910536
200 191.82011342146643
204 188.56838134296999
208 185.22188715973073
212 181.72334393069139
216 178.32814732256475
220 174.79864328762395
224 170.95211639222023
228 165.74103761974288
