64 195.6902731109078
68 198.19015255982862
72 200.73122256097957
76 202.87661848943256
80 204.98776999386268
84 207.16541151621828
88 209.1173672523582
92 210.73080100209762
96 212.17640033581557
100 213.3896301879047
104 214.4536043924407
108 215.40746016356917
112 216.23534978487737
116 216.8714940518922
120 217.37648505523498
124 217.71610629478465
132 218.17228616866086
144 217.4580763929317
148 216.84802027374624
152 216.2628833669612
156 215.5917290836743
160 214.7055721536132
164 213.41006385180498
168 212.10347769036525
172 210.60792927859427
176 209.01697622228636
180 207.313421345401
184 205.12673260551833
188 202.765224945181
192 200.09126402067068
196 197.14394330370294
200 194.1755896098186
204 191.12950765196342
208 187.83214334895038
212 184.24057051895062
216 180.5625071334885
220 176.2650022145296
224 170.6454922621253
228 167.4289403849138
