64 193.9302668732455
68 196.17126614037124
72 198.80502891585732
76 201.29208401224025
80 203.32537838758245
84 205.15909668769683
88 206.93755783416813
92 208.58495787056384
100 211.22461111176824
104 212.35420588872455
108 213.38332105729836
112 214.1394842018869
116 214.78245967600014
120 215.22482082791842
124 215.45946753245684
128 215.58263067891113
132 215.71049511976875
136 215.5517957559901
140 215.37271729136611
144 215.00108806286025
148 214.51282346051713
156 213.13283952271786
160 212.1936016007391
164 211.13084457918018
168 209.86043891183635
172 208.3956677560317
176 206.68970425714264
180 204.64391629967264
184 202.41432957004753
188 200.08297208012632
192 197.59412933868515
196 195.0108167913075
200 191.85657628181275
204 188.32073381520536
208 184.76598450117785
212 181.2869377528047
216 177.81159646036235
220 173.9166010866
224 168.7278245494569
228 164.80600743246293
