64 195.38298236715156
68 197.93335511567386
72 200.3454487953083
76 202.5108716104961
80 204.64800946976064
84 206.6914532201366
88 208.60907885047294
92 210.17123583365878
96 211.53425081597953
100 212.74498969100512
104 213.81183996872807
108 214.67232645326158
112 215.37658999126722
116 216.0447990576643
120 216.6213294388275
124 217.08727523186545
128 217.41874875574402
132 217.57933183400692
136 217.50962934198276
140 217.20715695372536
144 216.7647999926723
148 216.19457583588576
152 215.54334864720389
156 214.5240574747183
160 213.54487367479257
164 212.53105562366102
168 211.3559989155156
172 209.8926747374781
176 208.11934902171717
180 206.09631412625112
184 203.95783738902668
188 201.67272404182407
192 199.2166643059274
196 196.68424118210032
200 193.52932021089134
204 190.22454796190533
208 186.62019310342953
212 182.93395162921158
216 179.21941709178424
220 175.61746445141137
224 171.32859600576313
228 165.72290140916868
