64 193.6760526252547
68 196.13277602999244
72 198.55074611530554
76 200.54125026628427
80 202.608444082649
84 204.72572574504338
88 206.4367600743479
92 208.07801128052424
96 209.77123205162468
100 211.18824380801328
104 212.32946174320236
108 213.24796304652028
116 214.80839974106382
120 215.2245047763584
124 215.61734741886352
128 215.83842019983322
132 215.83210645301443
136 215.83088471162418
140 215.7934276216624
144 215.5366290088519
148 214.98112136962044
152 214.23384074457869
156 213.50152993532157
160 212.6046509966943
164 211.55557689977604
168 210.3478381356864
172 208.90617845019395
176 207.14961981141758
180 205.23168528440954
184 203.20539449918303
188 200.7549189728153
192 198.26010065007793
196 195.64019282061457
200 192.80359224787907
204 189.64346328120644
208 186.4348533732957
212 182.99926243252582
216 179.0903044943983
220 174.8651178886651
224 170.95302593592487
228 166.7199752461754
