64 194.46332630341482
68 196.4442010849687
72 199.01627079609256
76 201.30293254684977
80 203.49743808730466
84 205.63997177671246
88 207.3675759670447
92 208.71521647489766
96 210.16837410024945
100 211.52936230562528
104 212.70229266945893
108 213.56597682169678
116 214.75691414059798
120 215.17172875711321
124 215.38728059962338
128 215.6270314034686
132 215.74343257312296
136 215.56490469110227
140 215.3114430173676
144 214.92404328614938
148 214.5326347275816
156 213.20101848157765
160 212.2171986673791
164 211.15822707976406
168 209.8548085535752
172 208.26987743385743
176 206.44487064784366
180 204.42990014297212
184 202.22318240941084
188 199.71185760921807
192 197.0700843468389
196 194.2475970130919
200 191.1609075749489
204 188.14654783003547
208 184.90495189574395
212 181.3341751949867
216 177.6534739853509
220 173.67523869353073
224 168.55505789869306
228 164.44683040616502
