64 195.30514311505164
68 197.46338534084663
72 199.59173750101223
76 201.60721702859885
80 203.8777364461071
84 206.00337627001505
88 207.70707666488426
92 208.9361295787141
96 210.19258504211638
100 211.36275190300995
104 212.47948453578599
108 213.45092015316686
112 214.24553615075772
116 214.89641614193084
120 215.37430078794705
124 215.70065648438276
128 215.78781870042246
132 215.85515624621758
136 215.67365371556065
140 215.3941731238607
144 214.9460691791768
148 214.49180106737492
156 213.0651897184575
160 212.1174581895194
164 211.01623619945494
168 209.65391740885397
172 208.20588697255482
176 206.45703514529802
180 204.39817304723334
184 202.14592340934266
188 199.72201270135366
192 197.16111101400702
196 194.4859239881631
200 191.44938994435958
204 188.40866771697426
208 185.00673530261378
212 181.3801258480749
216 177.62837772691498
220 173.5788979641325
224 167.8711308801807
228 165.7911265383707
