64 194.71330767654936
68 196.95661770101557
72 198.95916718327976
76 200.85851259429887
80 202.8724909219456
84 204.93639290043916
88 206.69154950275197
92 208.30109948489036
96 209.8658637471126
100 211.22474931947968
104 212.35485332580728
108 213.34498310034655
112 214.13280427571578
116 214.9368970610895
120 215.36698222568054
124 215.62192427463083
128 215.81773162063712
132 215.92968917696584
136 216.03358703165253
140 215.87306398583794
144 215.52552557122232
148 215.1895101091681
152 214.6378336638293
160 212.92099353902134
164 211.69599084314356
168 210.42908110754314
172 208.96774911921946
176 207.308693853084
180 205.48909922486035
184 203.47133595708897
188 201.32621677558754
192 198.9050664600202
196 196.02647755913898
200 192.82385461743183
204 189.24673285401127
208 186.11012227467924
212 182.73853881105597
216 178.92399374985246
220 174.7819996245156
224 170.36295615149368
228 166.23411026102332
