68 195.96216833409738
72 198.650643990046
76 201.04672785180907
80 203.11313863701474
84 205.16468749325037
88 207.0481279960379
92 208.80445685022636
96 210.18606230340157
100 211.33328608192346
104 212.4609234808911
108 213.43213320892232
112 214.26067329398808
116 214.92016499728632
120 215.35782158263555
124 215.52536803439
128 215.74329262611153
132 215.93410579696277
136 215.87501069068765
140 215.60492152478668
144 215.22692347246343
148 214.77261390104653
152 214.1637371762211
156 213.3828427102896
160 212.40403009218744
164 211.2390240939934
172 208.346995030894
176 206.53796371611259
180 204.5999048010459
184 202.5894443339023
188 200.23808363093778
192 197.6903381422013
196 194.87385074006238
200 191.75766974593182
204 188.73822584392818
208 185.36915221913364
212 181.884807129658
216 178.1193868658557
220 174.08753684701102
224 168.9140659095275
228 165.3717254640136
