64 192.87150917134244
68 195.52152891971983
72 198.02586421423956
76 200.26708114565625
80 202.33714032452002
84 204.36920734619707
88 206.12020252507637
92 207.72618274990316
96 209.162288755025
100 210.47995602312955
104 211.74476252894158
108 212.66028692521047
112 213.48905713304816
116 214.2378363962076
120 214.82263106675595
124 215.2586678296531
128 215.53526270614128
132 215.73305476191916
136 215.76411372523984
140 215.51507793016904
144 215.0161051190288
148 214.50974925557873
152 213.83607913786577
156 213.16687769049162
160 212.18446362226155
164 211.21609383936214
168 210.07390985358757
172 208.72776051696286
176 206.97537725930292
180 204.97948843988775
184 202.81895665124125
188 200.52529024579303
192 197.9857857412806
196 195.31620385920712
200 192.50378957909714
204 189.35246620859755
208 186.27319101057344
212 182.8214540552529
216 179.05546260252044
220 174.7067835903017
224 168.0623381359905
228 165.63138845328479
