64 194.23605538005657
68 196.02416106887054
72 198.31670574188885
76 200.4796795999148
80 202.72331532285284
84 204.90314258301626
88 206.5845371968663
92 208.17387048214232
96 209.64709552180918
100 210.86264326111697
104 211.94540261189928
108 213.0861232777211
112 213.83660966294227
116 214.37939949916552
120 214.936640103398
124 215.30447243641672
128 215.68524843070884
132 215.8908915636181
136 215.92616609680542
140 215.7654364557041
144 215.34525030923263
148 214.7789916082623
152 214.28185797649726
156 213.68857433789344
160 212.8412863101562
164 211.70085194055724
168 210.4612435666105
172 208.99144607279942
176 207.3992070532237
180 205.44620383627262
184 203.23204551612847
188 200.78412161166756
192 198.1254700918247
196 195.7336813855391
200 193.0049145331427
204 189.81397106409997
208 186.54971520012379
212 183.2459199130476
216 179.4822740342296
220 175.3504170028512
224 170.5675668729141
228 166.88787786399268
