64 193.79219539051482
68 195.87467941540618
72 198.388189489932
76 200.38373351739273
80 202.5009399780556
84 204.5057004922212
88 206.29352513843116
92 207.8537914222152
96 209.31814876137344
100 210.59497936229644
104 211.89287031327822
108 212.99083239750166
116 214.43226127201217
120 214.9766242516483
124 215.37010308280102
128 215.68695893803863
132 215.8826192669331
136 215.9130650926568
140 215.74484871087833
144 215.40365118122986
148 214.9425216926852
152 214.38489315646433
156 213.68615367437616
160 212.73834638652352
164 211.71257844405355
168 210.44393984767856
172 209.02909509015538
176 207.5390588695977
180 205.56337210664276
184 203.50373138538083
188 201.02865876877058
192 198.5125518728988
196 195.96640926745275
200 193.16049420853824
204 189.86290491857005
208 186.36481060427894
212 182.8321834248308
216 178.9155834064792
220 174.97783387929263
224 169.08494660982723
228 166.0246923566529
