64 193.11418577068662
68 195.7898724204313
72 198.3427267339417
76 200.44062440102917
80 202.46842702413915
84 204.3310800990294
88 206.04805935032323
92 207.68077425950432
96 209.16380239528087
100 210.46544515211053
104 211.68341871849333
108 212.68610817302476
112 213.54306335004404
116 214.2847639457337
120 214.77384114268858
124 215.11511672526794
128 215.48902557752044
132 215.67443061412854
136 215.6520555885349
140 215.43746840181626
144 215.06502995450987
148 214.55038116652634
152 213.82332035403505
156 213.20753779707417
160 212.3649309096816
164 211.31050480816103
172 208.54916167583676
176 206.96000350118794
180 205.05002555778464
184 202.9194187926313
188 200.42417320933401
192 197.80965857317145
196 195.08916831985167
200 192.18143953186137
204 188.88350340807693
208 185.76136497409192
212 182.5261089833661
216 178.85969414192738
220 174.9701153605423
224 168.9691116710629
228 165.99436842208752
