64 193.14837001933748
68 195.49506611402535
72 198.24838806374385
76 200.46123378540193
80 202.53802601668158
84 204.48100073949803
88 206.31504117373208
92 207.97993498497794
96 209.39071055114155
100 210.589541935119
104 211.84579578769237
108 212.95066063276076
112 213.8576675924876
116 214.46768127240153
120 214.98616955033793
124 215.3848719212124
128 215.81170399274313
132 215.96016492520633
136 215.93258429633656
140 215.79922804556386
144 215.41642855635564
148 214.98099222953158
152 214.4031909494263
156 213.78886754903442
160 212.92088823587585
164 211.83544103596006
168 210.62199664484936
172 209.16602093480947
176 207.6484714155391
180 205.76738946406002
184 203.67122271718657
188 201.23188788928394
192 198.52660397503138
196 195.82464434839844
200 193.02114590936594
204 189.94972246771152
208 186.7430148460054
212 183.67144353848118
216 179.93493348882393
220 175.4983997350593
224 168.53067382477468
228 166.31284085445688
