64 193.4144236456041
68 195.87033543012873
72 198.21441045843875
76 200.2775488442594
80 202.4050200581277
84 204.47612925234807
88 206.3432865048658
92 207.9120732222752
96 209.2829270740301
100 210.41938463188077
104 211.71692910067662
108 212.74208507492108
112 213.5984206114603
116 214.23720884514293
120 214.87405550968637
124 215.36979563796615
128 215.68395724152242
132 215.82893822792306
136 215.8409613455152
140 215.6183127683686
144 215.23718582465978
148 214.63556548395343
156 213.3679071583553
160 212.62815723662456
164 211.51568486781508
168 210.34956705428206
172 208.86895613984495
176 207.2336103200629
180 205.31982488914778
184 203.28158665623758
188 200.7715586963232
192 198.25083805976155
196 195.5877520912576
200 192.60518681961048
204 189.30895234122102
208 186.09542962879993
212 182.63670027888452
216 178.84177195828062
220 174.91284908339688
224 169.30632861478938
228 166.43397569940316
