64 192.72678775597987
68 195.45823532265445
72 198.0356341708387
76 200.22474418856186
80 202.4246567982114
84 204.38510247087586
88 206.07964588174633
92 207.6475213439523
96 209.2351548620777
100 210.4668417781764
104 211.60877666779834
108 212.4602421876333
112 213.32491706857252
120 214.51729892848078
124 214.9168380336797
128 215.32787520278492
132 215.50706715497543
136 215.4666856269405
140 215.2595506431383
144 214.84743277390834
148 214.39761610185928
152 213.848025910509
156 213.16602336073993
160 212.17857564857178
164 211.2075140476885
168 209.86032489825456
172 208.50009722869603
176 206.83736058237466
180 204.8797105777562
184 202.71516203159703
188 200.35666343768207
192 198.0423718770993
196 195.43484773418928
200 192.39593755960527
204 189.1429352994129
208 186.0206483142722
212 182.2823842994275
216 178.60051486393218
220 175.03001902847217
224 170.93070972196136
228 166.36580630521775
