64 193.95592192147194
68 196.65320098189488
72 198.88179949074217
76 200.77530088592397
80 202.85764660154194
84 204.92543162587947
88 206.7403748992479
92 208.32107550065462
96 209.77784450460783
100 211.01102108241068
104 212.21717356547887
108 213.2857813994546
112 214.14516771776715
116 214.77734279344608
120 215.1327287240801
124 215.36897098199006
128 215.70538754305207
132 215.86618015586268
136 215.8890960838173
140 215.86741630006486
144 215.483027288515
148 214.92767283096447
152 214.24225553993566
156 213.59710682922218
160 212.66876785934824
164 211.46782086394455
168 210.1914360620682
172 208.91297369165892
176 207.35321625450993
180 205.31258013617503
184 203.19689394818704
188 200.68428759464203
192 198.12087674301574
196 195.57523600937415
200 192.859694715333
204 189.6922130963098
208 186.67339747811732
212 183.18463128057306
216 179.15081265768458
220 175.63819275959108
228 163.90231128321585
