64 193.15642417006435
68 195.71724674968985
72 197.93720771913775
76 200.05170268847044
80 202.14131480828246
84 204.192652820982
88 205.93855552868794
92 207.60781177348443
96 209.16482031211197
100 210.5573681392322
104 211.86210860776964
108 212.89026469180072
112 213.68974244359387
116 214.2808596940157
120 214.65792862774364
124 215.1305973204266
128 215.5722084715233
132 215.7934348188213
136 215.80737655859957
140 215.57067245185308
144 215.18659351830843
148 214.71820954537566
156 213.3327231851872
160 212.45246285736667
164 211.28602398641112
172 208.66613891638428
176 207.13626660247854
180 205.20174838990354
184 203.0455160300533
188 200.7308543129123
192 198.36253875468446
196 195.71080490715661
200 192.9467773011072
204 189.84512064938593
208 186.59399322064615
212 182.60788778457498
216 178.5691380386222
220 175.12849144091672
224 168.75483931455426
228 165.84959661069462
