64 193.2404038981911
68 196.08097729904625
72 198.54223332572656
76 200.63780283603202
80 202.67661541088313
84 204.64357897412404
88 206.34074266807855
92 207.93843889060767
96 209.33270046934862
100 210.51281197235215
104 211.72964203186467
108 212.84012910537712
112 213.76505434790903
116 214.4040123851749
120 214.8815117587013
124 215.2284119407275
128 215.59805160139845
132 215.79612052970876
136 215.82631615133855
140 215.64501343158418
144 215.27160522620792
148 214.69507347608405
156 213.41614171882827
160 212.50790041888544
164 211.33027176843535
168 209.86639733300072
172 208.47954366911705
176 206.91535807831622
180 205.12960989832396
184 203.20948713256132
188 200.7806262413714
192 198.18889747963868
196 195.38755678695819
200 192.39456868374572
204 189.2121434336695
208 186.18410278746654
212 182.58292058359262
216 178.68489876961746
220 174.86594644649324
224 169.23013404059873
228 166.20173770058238
