64 193.30030674478633
68 195.8550973135401
72 198.2462266400793
76 200.2697748219646
80 202.39153530061208
84 204.33040858499766
92 207.60960762177066
96 209.07270621230967
100 210.39335268299533
104 211.4926691684107
108 212.4712894136109
112 213.3523144347585
120 214.71460755371413
124 215.00707859987727
128 215.42602289491714
132 215.5536523919391
136 215.45196616793424
140 215.14530484081448
144 214.65654294180803
148 214.25734608399094
152 213.63499153344492
156 212.9221725818738
160 212.08718856270667
164 210.9548777442372
168 209.5030778824462
172 208.1979392186262
176 206.76847465561042
180 204.9037608279687
184 202.77616667506362
188 200.4696392208624
192 198.0051372231112
196 195.321553852747
200 192.32866520144
204 189.2188234543114
208 185.78840734446248
212 182.3522930840042
216 178.62365953251015
220 174.76024429750646
224 169.18627117559635
228 165.47600384804883
