64 193.40868677519666
68 196.2160019102802
72 198.5104972649978
76 200.57716657857358
80 202.5499791145644
84 204.52069860895108
88 206.19921615796952
92 207.72434533140557
96 209.22074762766567
100 210.50333565004317
104 211.66631721998434
108 212.61304715896904
112 213.48030951352888
116 214.17305701451102
120 214.70239672357596
124 214.98307631970837
128 215.32078958387814
132 215.43545740578915
136 215.2956210614638
140 215.0195865022398
144 214.54609360836838
148 214.16935882069748
152 213.5314493317334
156 212.71794996969535
160 211.70288092469434
164 210.62832985918308
168 209.24370733707428
172 207.80791645046412
176 206.3001792568007
180 204.37500323954706
184 202.28820325645268
188 199.96483514784455
192 197.40843668473826
196 194.71547646916247
200 191.71061245256902
204 188.7275201199522
208 185.47180096516175
212 181.90800366484262
216 177.65810676842887
220 173.01620893985336
224 168.86669920284766
228 165.67548075442784
