64 193.22044712186556
68 195.91320780369085
72 198.4102294096014
76 200.58097185341316
80 202.6117174374777
84 204.49833640750415
88 206.21155719907944
92 207.78467211534047
96 209.23595273892556
100 210.5493649259539
104 211.7159134627254
108 212.68744763707497
112 213.58031807581452
116 214.35310719392868
120 214.857287558702
124 215.1875142095367
128 215.4642449655166
132 215.61160922855805
136 215.51329174724808
140 215.18688051644332
144 214.7593080346162
148 214.24093511346766
152 213.6558257708709
156 212.9648917058351
160 212.255094106635
164 211.2503466765332
168 209.85146178354913
172 208.28097702337988
176 206.51276731365846
180 204.49787024418433
184 202.2758077328404
188 199.92039731244563
192 197.3713315660184
196 194.65245611103813
200 191.5744144168004
204 188.53047641683582
208 185.3197670109261
212 182.08461673898233
216 178.46921183351424
220 175.2552552142461
228 165.97477023188304
