64 192.70290827490948
68 195.30029927948945
72 197.62401743360357
76 199.8828542951287
80 202.06351034027074
84 204.07995031014082
88 205.76982451779628
92 207.48194152235084
96 208.94405620261085
100 210.33522476910719
104 211.45456705540767
108 212.36396608653916
112 213.26574211919905
120 214.36951820595158
124 214.75652906666627
128 214.96985096830417
132 215.17405798201585
136 215.03369397404592
140 214.83784355387502
144 214.51642218070117
152 213.37740890646228
156 212.71058160759742
160 211.97855277470083
164 210.87437049593262
168 209.46088748937868
172 207.97273298293908
176 206.3502253033859
180 204.5759024882908
184 202.45535345844385
188 200.26630560668377
192 197.81975326787855
196 195.1193906000218
200 192.13950990525908
204 188.9218845821695
208 185.64570992380018
212 182.13897866930174
216 178.33655441164854
220 174.30639066614424
224 169.63829838623076
228 166.466815797763
