64 193.63418541143284
68 196.2465144638761
72 198.6776984091267
76 200.49788546668745
80 202.60665017694635
84 204.7364630691568
88 206.6062653527937
92 208.40700693652593
96 209.9110825799807
100 211.061522278121
104 212.1501412918429
108 213.15438295923252
116 214.67277629640046
120 214.99431251560426
124 215.38971635593217
128 215.78736808493204
132 215.89823051343893
136 215.960618472109
140 215.87714075389712
144 215.4453678728515
148 214.89694860106022
152 214.112641993523
156 213.32818864494135
160 212.47612218166884
164 211.27807292969314
172 208.63308504716824
176 206.95266735539877
180 205.07327386402255
184 202.94548561295943
188 200.6941370526058
192 198.17745328977045
196 195.39504683162136
200 192.36251327260518
204 189.23563099036727
208 186.100346727868
212 182.31477163985073
216 178.02474014790428
220 174.09399481368473
224 170.21980038327297
228 166.03559347747756
