64 193.43074126949955
68 195.83744950838576
72 198.09049776121537
76 200.1409350822692
80 202.25521480394517
84 204.21688701837434
88 205.87111996575874
92 207.51869531870017
96 209.06914321004248
100 210.42047292808365
104 211.54687297836725
108 212.40078481629743
112 213.27783034874753
120 214.66814226076258
124 214.9406505137362
128 215.2836243045447
132 215.46241303338036
136 215.41418532212148
140 215.11308135079065
144 214.7097280146466
148 214.3121062176506
152 213.64654732422025
156 212.78702551908953
160 211.79523213535572
164 210.8303914815218
168 209.41758977095327
172 207.97392035515398
176 206.44965153503387
180 204.71434078341179
184 202.7306072368871
188 200.40988467966173
192 197.93742755637183
196 195.04738226186342
200 192.00623200805063
204 188.9322901930259
208 185.6672833326989
212 182.02774018000545
216 178.4807591837488
220 174.8787934393509
224 169.1378560733608
228 165.10971026374085
