64 192.92568341194198
68 195.73800888894317
72 198.03394097558396
76 200.09277967513577
80 202.13122431922164
84 204.19070026661797
88 205.89537774169088
92 207.56380120810988
96 209.02822837578609
100 210.3765322362946
104 211.54106870981963
108 212.53424557619843
112 213.38108454949804
116 214.1967460320558
120 214.7259531273128
124 215.09409987647308
128 215.45051431294584
132 215.7035428162657
136 215.61720212679086
140 215.30540677822586
144 214.7964216363398
148 214.3841774097914
152 213.81722103051317
156 213.1108987314152
160 212.1392471767136
164 210.9954169558938
168 209.61489612625348
172 208.23179670784367
176 206.72496798557938
180 204.7988438705521
184 202.67674476191922
188 200.17430058011408
192 197.74314063438175
196 195.18804050820563
200 192.28404334829884
204 189.34594555777994
208 186.02277957605588
212 182.2629521210823
216 178.5602725461611
220 174.89916975695286
224 170.03844612627836
228 165.75861228006414
