64 192.27614874604907
68 195.42760802828997
72 198.1864744282445
76 200.2781923422597
80 202.24701765639688
84 204.2113502938178
92 207.58389168679395
96 209.01069664021435
100 210.25770620097916
104 211.42195038034293
108 212.44253212008263
112 213.36716278074985
120 214.47453209764467
124 214.72096958919977
128 214.8916515843786
132 215.09877872296855
136 215.09100093340226
140 214.7476580283749
144 214.46272632925042
152 213.40790144367443
156 212.69912987183716
160 211.78922072853712
164 210.7014813373376
168 209.36858067504227
172 207.87153964540587
176 206.16605964307007
180 204.0878357704147
184 201.89359485400686
188 199.75169755105034
192 197.47709355815107
196 194.8454680179296
200 191.57384654863372
204 188.38409441547444
208 185.1601149190024
212 181.7516430118024
216 178.2546857847177
220 174.45068890366025
224 167.86871467863165
228 165.41152542939503
