64 191.81749841183768
68 195.2659806071232
72 197.94581409679805
76 200.22613426818413
80 202.3233559997239
84 204.3056262320693
88 206.06603207416
92 207.734024577252
96 209.20109011529698
100 210.4707823884602
104 211.668226354096
108 212.47116017663976
112 213.3700450599619
120 214.49769734623058
124 214.65738523134763
128 214.86159221082517
132 215.04272251813373
136 215.08251412022844
140 214.8331036488586
144 214.46036856291772
152 213.47231380085736
156 212.69714896664692
160 211.86058398476803
164 210.8719092117997
168 209.60944540259362
172 208.0485189294431
176 206.27394968864238
180 204.27592534353417
184 202.1829246318205
188 200.0218798126639
192 197.5600968217364
196 194.58042464535222
200 191.4902220798019
204 188.5066767317413
208 185.1758887481937
212 181.6287106986347
216 178.13239126318246
220 174.38499600139554
224 169.16527366806434
228 165.03209049421977
