64 193.7926438858157
68 196.58318229361586
72 199.0104752929448
76 201.30729284803587
80 203.3509287267801
84 205.23885162151518
88 206.99452648731932
92 208.62022123543244
96 210.11962331088165
100 211.36402769546467
104 212.52789996520983
108 213.5003850243506
112 214.28456561614811
116 214.92203148098957
120 215.3360022891393
124 215.6526615321731
128 215.92449350648195
132 215.94954957869612
136 215.96351167298909
140 215.79292710668435
144 215.34423299793565
148 214.88398071290646
152 214.20283544713396
156 213.48408958773337
160 212.66581446232766
164 211.51611673966613
168 210.1682259896161
172 208.64421033903787
176 206.98476565611554
180 205.00385905100921
184 202.78259137812736
188 200.34562974854208
192 197.74577141020947
196 195.2107819549608
200 192.2590041779966
204 189.02544969306578
208 185.94352843828392
212 182.5043135808558
216 178.73127696472898
220 174.78419023826223
224 169.179640470732
228 166.44489262542447
