64 192.86509632130188
68 195.92386607305207
72 198.50246262505425
76 200.63450373768347
80 202.7346897116735
84 204.77593967752426
88 206.69524992562108
92 208.24388200519869
96 209.74907235434378
100 210.93938178582977
104 212.06793440742317
108 213.13657524332461
116 214.84830945735283
120 215.2922251764836
124 215.5906597912865
128 215.78202171064845
132 215.8733567523666
136 215.90318547232482
140 215.7692540767753
144 215.38308873761724
148 214.7828965837622
156 213.2754638716591
160 212.29476151008703
164 211.2040276006728
168 209.83441114765182
172 208.3804238551118
176 206.79116536482815
180 204.89568260737053
184 202.8499021414422
188 200.3628127135562
192 197.8490774703855
196 195.17514161410784
200 192.15170493875115
204 188.96889489052532
208 185.7063247642935
212 182.11074289776673
216 178.38520397566543
220 174.20536061194102
224 168.81982277389636
228 165.85431511227307
