64 192.74333309568559
68 195.5745344311901
72 198.05578610672035
76 200.24886608937595
80 202.4082698345378
84 204.30073170179142
88 205.9850094281892
92 207.55507763033717
96 208.9838493176681
100 210.23706821706153
104 211.38154359600634
108 212.22967945379224
112 213.2467707720535
116 213.87155644022957
120 214.3949823479225
124 214.62569493511737
128 214.59866375837566
132 214.52625542354144
136 214.54984640771258
140 214.4299116351116
144 214.32742040964857
148 213.8188594838291
152 213.23297171146436
156 212.5506099623425
160 211.70035023508333
164 210.6541980293647
168 209.22428210381293
172 207.75221059329056
176 206.02252990158303
180 204.0812475366693
184 201.83462564606413
188 199.48393143928567
192 196.99726386696784
196 194.1858249592525
200 191.10632790483618
204 187.80270905889284
208 184.64870154890946
212 181.47970566169644
216 178.0416067902558
220 174.61273978621762
224 166.15816246016152
228 165.18599822350598
