64 192.52784936692757
68 195.51660513606816
72 198.11030010716905
76 200.36430565645958
80 202.43670416517688
84 204.40282892585213
88 206.1346451602654
92 207.69311174094088
96 209.05047920946984
100 210.34161130496148
104 211.49431657012977
108 212.39337484462817
112 213.29555700642496
120 214.51978480532838
124 214.88129045375163
128 215.08383714981082
132 215.2097199774662
136 215.090657522366
140 214.84024431191375
144 214.42820816362106
152 213.26968238284104
156 212.6733210762748
160 211.87139377798172
164 210.75210866042113
168 209.3481653651234
172 207.8332501252354
176 206.16589045187072
180 204.12293301830817
184 202.031234566296
188 199.84502209273708
192 197.34739447782465
196 194.57088757828376
200 191.4928894460138
204 188.15331243448472
208 184.85534745193814
212 181.55309499303564
216 178.03075285796803
220 174.3023411781341
224 168.92011065586865
228 165.70890391119872
