64 193.10009853119197
68 195.99671501211373
72 198.4299146824738
76 200.54740261691717
80 202.4885480831687
84 204.34396935136124
88 205.87684646835237
92 207.46396808360748
96 208.95964861185684
100 210.31034472657424
104 211.40767584739208
108 212.218542324092
112 213.02029506592052
116 213.79558412320495
120 214.3079779425904
124 214.56751072128594
128 214.6008752619155
132 214.55773792600453
136 214.58606841668413
140 214.48924700268893
144 214.39326441906755
152 213.42155180733192
156 212.63318900859872
160 211.6488405791845
164 210.46539458928407
168 209.03003437519698
172 207.63956469349188
176 206.14721783047273
180 204.39081345988927
184 202.30018647818207
188 199.84668081513462
192 197.19906052794823
196 194.45501713851627
200 191.44284007619652
204 188.27467063198532
208 184.96359563977572
212 181.39032551718344
216 177.70813731563283
220 173.40417110574742
224 168.08240477267577
228 165.3081063531011
