64 193.880388237518
68 196.7191656802664
72 198.79535852451045
76 200.69731827758315
80 203.06923737779005
84 205.22982052485202
88 206.9244396618637
92 208.33065788021037
96 209.78343878066875
100 210.9262624152153
104 212.06557940412128
108 213.1430580272267
116 214.60591335776942
120 215.11926668753028
124 215.46148045289578
128 215.8233226520392
132 215.89304039942263
136 215.86532653102617
140 215.54309766325312
144 215.03197337998267
148 214.4668780993689
152 213.81936579626677
156 213.1525238181394
160 212.1924276201543
164 211.0519758156695
168 209.6107445084616
172 208.1271425687143
176 206.42035378266146
180 204.37908148480983
184 202.43707491246076
188 200.09483752959346
192 197.64819013256806
196 194.9138904985458
200 191.7810136645673
204 188.3368678853637
208 185.03211279735888
212 181.33723499747873
216 177.93841646163193
220 174.51022884805903
224 168.65583108125202
