64 193.39713671636395
68 196.14650237794174
72 198.63757170319963
76 200.52402012134996
80 202.6272331816986
84 204.6802038496387
88 206.40881525473833
92 207.9091881897858
96 209.28814884725864
100 210.56036794737156
104 211.8059981357504
108 212.86184582124127
112 213.7224540890435
116 214.3260246402228
120 214.85666167848984
124 215.2846892791979
128 215.72093528825863
132 215.86930620584445
136 215.9127887566231
140 215.73457291818485
144 215.33609456100197
148 214.71882091542568
156 213.36542496407893
160 212.3219118064456
164 211.28835710599674
172 208.44280059974886
176 206.60873879317916
180 204.63645144448267
184 202.7624219623399
188 200.3908990928039
192 197.97375423413948
196 195.2905100293989
200 192.2082277706612
204 188.7873480823276
208 185.60696609397584
212 182.1888923334326
216 178.10036921743372
220 173.76923950055328
224 168.37188256966283
228 165.65890838974826
