64 192.95250732438257
68 195.58770406775122
72 198.0436418051492
76 200.28673507148613
80 202.3781558207508
84 204.20948154939745
88 205.79988248233894
92 207.39103647834878
96 208.82150167485628
100 210.1313721800691
104 211.2117903302654
108 212.18893073170364
112 213.15651329381075
120 214.39617380302778
124 214.63292555680545
128 214.74497890562893
132 214.80046045804875
136 214.8688836229604
140 214.8445713173541
144 214.64430300649684
148 214.24772631030595
152 213.50147307552024
156 212.76254724299707
160 211.94864852007478
164 210.95003619190862
168 209.3767799381791
172 207.74378891400454
176 206.05346049930992
180 204.0988903342324
184 202.0316671373163
188 199.83974184755502
192 197.28276768785318
196 194.42073377543707
200 191.1282253253695
204 187.7826312609193
208 184.76714520261535
212 181.44865916964434
216 178.21788148886625
220 174.8146505525182
228 165.72945365195517
