64 193.45306159135905
68 196.01198287676357
72 198.7180863529418
76 200.6286751444925
80 202.70988476706708
84 204.64262776894282
88 206.50389470396388
92 208.2722885138008
96 209.88046895008893
100 211.0722170524578
104 212.24750390586314
108 213.1725009363693
116 214.5740988784769
120 215.08081504337736
124 215.51864434570916
128 215.77321838634873
132 215.90092576715006
136 215.92052587951844
140 215.64018575823428
144 215.21069505193705
148 214.62306532171135
156 213.40886202753092
160 212.4787254150096
164 211.2052621795944
168 209.73528556674796
172 208.333181340767
176 206.77697418505778
180 204.55914208770318
184 202.3497581678322
188 200.01058163567043
192 197.60475345436527
196 194.74050323320682
200 191.51668133590437
204 188.28273131283407
208 185.0752816562565
212 181.13022875412116
216 177.5832010922474
220 173.94204577424267
224 169.17412883178196
