64 193.270472538442
68 196.21576755992817
72 198.64371723337263
76 200.68614071547842
80 202.63141248420783
84 204.42307600201534
88 206.2511358411599
92 207.88846931892584
96 209.35442719631283
100 210.48654734368534
104 211.65273987787856
108 212.71389043211354
112 213.62623687481056
116 214.3043288646117
120 214.72058337178123
124 215.03411024271895
128 215.41061074964992
132 215.54068772745927
136 215.5532135894311
140 215.28657826866572
144 214.84233638437894
148 214.3699356065178
152 213.71026356116764
156 212.92522682901333
160 211.83032317221517
164 210.62776952728228
168 209.2457051395021
172 207.94543956453825
176 206.44037112694213
180 204.57143458354304
184 202.49581038533316
188 200.03262519584246
192 197.359218558387
196 194.5800169544499
200 191.41610662678227
204 188.28731597474143
208 185.27224605112934
212 181.99947239317788
216 178.18103385208184
220 173.9300219474335
224 168.4557781189048
228 165.49980482528025
