64 192.6236259477186
68 195.6526291089616
72 198.26151260246792
76 200.36067347234112
80 202.38754195943545
84 204.27244084477147
92 207.58477330880532
96 209.01560897023083
100 210.3716112366653
104 211.54442382003248
108 212.42623587451766
112 213.28070482360516
120 214.47454393576982
124 214.66882345689385
128 214.63667298771182
132 214.6870249727488
136 214.71738519063953
140 214.63581392666512
144 214.44111415944363
152 213.3158341740915
156 212.5041852367022
160 211.59459513347937
164 210.6101287630411
168 209.220576769777
172 207.69917462536824
176 205.91761577964607
180 203.91301114686627
184 201.7388431539589
188 199.58463770194686
192 197.13281340557148
196 194.46350164426133
200 191.20450851985996
204 187.85078203502673
208 184.4731358334302
212 181.22597543139688
216 177.8128963406668
220 173.66434276339191
224 166.6544850282237
228 165.5283070202801
