64 193.21638866929882
68 196.00529319183408
72 198.36460892292865
76 200.26309851441425
80 202.3533926770195
84 204.4720320220761
88 206.27005446629738
92 207.6706227389246
96 209.05753910516557
100 210.29020512132593
104 211.5906479067654
108 212.59800181647253
112 213.49729024156187
116 214.17190247813488
120 214.51196425504995
124 214.73347981104362
128 214.89043228814177
132 215.047059194281
136 215.0089700983675
140 214.74371870524604
144 214.43477253623092
152 213.2582684346612
156 212.46302847730502
160 211.37066957335827
164 210.316149776555
168 209.10711181283742
172 207.76830546769946
176 205.9588815678443
180 203.8506299641703
184 201.63425367640804
188 199.41201855521126
192 197.0049227644805
196 194.3524386916104
200 191.26598557082988
204 187.9864543843602
208 184.66685269232073
212 181.1453045099684
216 177.03272362204177
220 172.80792125483273
224 168.03599703895046
228 165.29518076023098
