64 191.87662755071636
68 195.28205706335015
72 197.93086515315727
76 200.15717019950853
80 202.20001597840516
84 204.11042467181883
88 205.8156212308242
92 207.36790341315523
96 208.57464270990855
100 209.7293748174252
104 210.91119698850954
108 211.85472395129963
112 212.8183566610046
116 213.53765662336247
120 214.15474275674583
124 214.44063825360297
128 214.47559516448354
132 214.49063905598268
136 214.54972111679717
140 214.4273775999266
148 213.6291433003723
152 212.92790592011585
156 212.14007307140741
160 211.05367703167542
164 209.72286574258823
168 208.51384740046205
172 207.19418431546165
176 205.38356842774488
180 203.38176615004943
184 201.1093409097956
188 198.65337939877853
192 196.04518349426357
196 193.09133741276736
200 190.00789181414387
204 186.98228807962116
208 183.96284622156082
212 180.71763425658168
216 177.17929319004384
220 173.19563959573406
224 167.41545373773917
228 164.82691789662854
