64 193.29699556964525
68 196.20017160703813
72 198.63527326989657
76 200.62365066028798
80 202.5660476483114
84 204.5292403908393
88 206.31108506523856
92 207.8777155740205
96 209.43390952547608
100 210.71800055067456
104 211.90323758326394
108 212.95529454404925
112 213.66313214200488
116 214.2104162916254
120 214.65641094024798
124 215.01075105995815
128 215.34522531941914
132 215.39730022461765
136 215.17759801749625
140 214.89713678951395
144 214.59151060251097
152 213.40198603093015
156 212.64558645234138
160 211.70716047370922
164 210.46650443060193
168 209.14798866793973
172 207.71287882290028
176 205.8949390152683
180 203.99181070800745
184 201.82445734937454
188 199.54040308449632
192 196.87238230536354
196 194.1327055110055
200 191.14651234178325
204 188.17333773253273
208 184.84174950842322
212 181.31338209983818
216 177.59366222980572
220 173.46488088261736
224 167.5938982722609
228 165.25305216016824
