64 193.16273278973262
68 196.0325110126559
72 198.4712347799334
76 200.54083385495636
80 202.46169258671713
84 204.48910467427064
88 206.40142910060297
92 207.99381286070235
96 209.54753119309333
100 210.66539149822148
104 211.84646691354027
108 212.6861907883263
112 213.6080192148247
116 214.21851715950135
120 214.6498928939006
124 214.85598063707954
128 215.32785600603816
132 215.40948968148282
136 215.3379949826001
140 215.03478206784396
144 214.6108326983403
152 213.35549872324793
156 212.58008734040519
160 211.57630404289495
164 210.5595430882309
168 209.21150783357166
172 207.74482939908393
176 205.9990992422068
180 203.9802487874273
184 201.8040618059367
188 199.48453961123022
192 196.94294609898
196 193.82960143186295
200 190.79780137668104
204 187.5655257402501
208 184.1884571836327
212 180.5772247911122
216 176.62139165377732
220 172.4458867307451
224 167.6983124963247
228 165.507128513947
