64 193.859563648519
68 196.3538088342249
72 198.7146255099718
76 200.6604287937057
80 202.84428486191723
84 204.93575508587028
88 206.79561642452063
92 208.30880937020322
96 209.7873022610206
100 211.0201504667895
104 212.2517315636615
108 213.21153403725805
116 214.39867137880654
120 214.88160676860088
124 215.3057060099441
128 215.6905977398458
132 215.79927425865435
136 215.77517691344588
140 215.53370903281592
144 215.18186580861658
148 214.62645958592375
156 213.31310010620402
160 212.2982990692293
164 211.10678020083407
168 209.5633479251297
172 207.9435820543392
176 206.13682805979627
180 204.17829410521625
184 202.23482790307264
188 200.0716656757594
192 197.5711610648742
196 194.60040571797276
200 191.32094275044977
204 188.1579555934358
208 185.22586364128787
212 181.88343619988441
216 178.082362036946
220 174.6838048933222
224 168.2899976831019
228 166.84128859097856
