60 191.80190171201292
64 193.71264871313466
68 196.46407948314084
72 198.68701136049617
76 200.65147899696356
80 202.49889530250778
84 204.3928224738483
88 206.35486034358533
92 207.95889986880832
96 209.49543221154502
100 210.64692703932877
104 211.78271221486662
108 212.66427204142155
112 213.5080558393937
116 214.1959613437171
120 214.58120164253424
124 214.98281779085423
128 215.30468663540887
132 215.38640896505694
136 215.16557970893717
140 214.81252616320035
144 214.3930905401225
152 213.4066135627432
156 212.54074139426825
160 211.50209467922494
164 210.2897512378171
168 208.98818575495386
172 207.62717753816074
176 206.034779452172
180 204.11605847870302
184 201.9457215328456
188 199.6667484917881
192 197.12312018276717
196 194.41050555770877
200 191.2516332447156
204 187.94587483447134
208 184.2701671925164
212 180.65562164772018
216 176.87220000738614
220 172.6065784525423
224 167.8782316773158
228 165.5586863473407
