64 193.87445393803534
68 196.66714291267326
72 198.77991234162675
76 200.58489568167536
80 202.4761789652291
84 204.4188343322569
88 206.27392979246952
92 207.96182619444286
96 209.41243348111348
100 210.63615993226568
104 211.7830193682244
108 212.58993819252152
112 213.47343709934316
116 214.1989140232994
120 214.63270000580385
124 214.9377380896346
128 215.2724254271168
132 215.40907152108372
136 215.2271667871405
140 214.9295603158268
144 214.51278207229677
152 213.3649406421356
156 212.62028424935056
160 211.50608889026412
164 210.24702417939724
168 208.94123479059039
172 207.70066476108732
176 206.2056850126494
180 204.1904872809135
184 201.9526365249405
188 199.5269985655361
192 197.01877664992782
196 194.54459227353635
200 191.6002038502
204 188.2283946493401
208 184.58199801974132
212 180.69095989344424
216 177.03748581081624
220 173.1194660531151
224 168.87271018294234
228 165.92010520820693
