64 193.232118247141
68 195.85761035370197
72 198.05974497353716
76 200.359302505587
80 202.59071325816825
84 204.58755589852245
88 206.25148720348528
92 207.63680902729436
96 209.02028877462558
100 210.31309594523088
104 211.51208606483777
108 212.29523935840052
112 213.2020946755415
120 214.3943272167457
124 214.53660441447155
128 214.54904523718398
132 214.58121429774567
136 214.58074967909178
140 214.42364708155353
148 213.72295031575703
152 213.13724249523807
156 212.387854689745
160 211.4465100407591
164 210.266776918272
168 208.8224869027469
172 207.3244466542446
176 205.4816166790914
180 203.5964495465233
184 201.38788853260056
188 199.10999120087718
192 196.41592336839983
196 193.5013362322513
200 190.3557005098184
204 187.3686694313564
208 184.42018858656982
212 181.02840249242018
216 177.02223101008053
220 172.44343104502923
224 167.3878163075069
228 165.08955493695356
