64 193.72432572444524
68 196.61772475350946
72 198.69420161875433
76 200.86105960508797
80 202.99649570745092
84 204.9985510307289
88 206.72131491397508
92 208.2093527762911
96 209.7712156367867
100 210.9278279069868
104 211.9800646226833
108 212.97784685974096
112 213.7945774183467
116 214.37459520747478
120 214.89546727436152
124 215.3455290488701
128 215.73671454223307
132 215.79256979371627
136 215.70048276931155
140 215.38516661319085
144 214.98231251872602
148 214.44382813041818
152 213.82570300753383
156 213.05013839988203
160 212.02690840245316
164 210.83496091661698
168 209.48020260067617
172 207.8889812911077
176 205.9741529959108
180 204.02420779852642
184 201.95294380633396
188 199.73222233740924
192 197.14252324657525
196 194.43212891758165
200 191.41456121928925
204 188.25050382670594
208 184.91771936031455
212 181.29140345616474
216 177.42559875917374
220 173.09919336236163
224 168.5307236211883
