64 192.45433863274636
68 195.5284457296778
72 198.35013569391845
76 200.37197102310083
80 202.4073190044834
84 204.4113112942358
88 206.08951252642578
92 207.54361281427634
96 208.9961243672284
100 210.2123683767726
104 211.38774213987222
108 212.25637859106334
112 213.2343982044993
120 214.39696098282977
124 214.71864986988834
128 214.8528162374129
132 214.8690231019482
136 214.7033910256708
140 214.54296107700955
144 214.36774215334572
152 213.2183149435121
156 212.53429494905015
160 211.72539662233885
164 210.69834764852862
168 209.1235013262841
172 207.65178211150018
176 206.0547358645757
180 204.17020716309332
184 201.99474840598162
188 199.62275281984697
192 197.06591386454258
196 194.12888030148738
200 190.97874045258163
204 187.73854797228384
208 184.6655513407543
212 181.14956067739402
216 177.309648611059
220 173.18882861941114
224 168.5294969784453
228 165.39790968080877
