60 191.649468021851
64 193.459428480313
68 196.14247052420635
72 198.48908871467165
76 200.41768932714638
80 202.5035616791764
84 204.45434566784002
88 206.29289927115508
92 207.89642825462917
96 209.37671469497712
100 210.52995134682214
104 211.61200850324764
108 212.53034031054798
112 213.3225393756337
120 214.396228022181
124 214.50639312544246
128 214.57576695460438
132 214.63330370090853
136 214.65760557690322
140 214.52083160332106
144 214.29444655334277
148 213.73865741285414
152 213.06728230825448
156 212.17487905527304
160 211.21677203743346
168 208.67445806887554
172 207.17295089664606
176 205.5374848548181
180 203.77677104595264
184 201.60011236352665
188 199.23440568190145
192 196.60093625986264
196 193.7637897641554
200 190.67209990848983
204 187.37171629725293
208 184.25711306654006
212 180.8657687499805
216 176.89410238119785
220 172.19376609073808
224 167.8147948913868
228 165.3674891292701
