64 191.83886072144293
68 194.35654416844093
72 196.72506801453204
76 198.7398035049201
80 200.88332878390673
84 202.88068542693964
88 204.57082450618452
92 206.1909400667819
96 207.62685897161535
100 208.95585517025063
104 210.21745545068967
108 211.22380000170023
112 212.11558091758644
116 212.68373674186785
120 213.20244703511355
124 213.50123460339705
128 213.7554050194039
136 213.81733189762235
140 213.61995692774093
144 213.22232481856224
148 212.6856127933671
152 211.8712780006031
156 211.15872152528217
160 210.35323649642476
164 209.38063388530202
168 207.91649195600976
172 206.47285268046437
176 204.95912555577806
180 203.1185306313431
184 200.89669604445666
188 198.40013642893513
192 195.76559303191686
196 192.89267132502664
200 189.82058642304315
204 186.83296949413923
208 183.77661554306002
212 180.2425732974642
216 175.94510939335964
220 172.07482017084516
224 167.0634087771822
228 164.57898408211844
