60 191.6210314842282
64 193.14451389127655
68 196.0222277185693
72 198.3718612030342
76 200.39142378324863
80 202.46221622124233
84 204.43466415397097
88 206.15013404844854
92 207.65329452289336
96 209.02665631112416
100 210.38089116928484
104 211.48961298075497
108 212.3336374755021
112 213.1151822420716
116 213.8491459866996
120 214.34431183075048
124 214.47221667753433
128 214.5097343848463
132 214.5489240806077
136 214.5614180071286
140 214.43909924805814
148 213.6393440884541
152 212.98929769176877
156 212.17714573358708
160 211.23868683743962
168 208.83009570796264
172 207.32191083955644
176 205.52796291872443
180 203.58747767252996
184 201.36681904519494
188 199.0283364354491
192 196.5122621331131
196 193.72278884980747
200 190.45807600075176
204 187.2456781569935
208 184.02293303207165
212 180.6351203539957
216 176.9803782919006
220 172.27703810030346
224 167.92133344438813
228 165.59201345849476
