64 191.75494609501868
68 194.18147112726763
72 196.8404509193091
76 199.18329954391407
80 201.3084230451788
84 203.1234850659537
88 204.80492777811156
92 206.48619344252583
96 208.0081238236537
100 209.21253247499698
104 210.54614892758732
108 211.54073064624444
112 212.304668020693
116 212.93410916042487
120 213.41915876260242
124 213.76263602230858
144 213.45167920604004
148 212.82583850916768
152 212.01604234173018
156 211.271609734724
160 210.2755262454266
164 209.144185969945
168 207.80364569978633
172 206.39346404326344
176 204.8369284476212
180 202.9875218724891
184 200.63074453496108
188 198.24021849655708
192 195.54499457823502
196 192.7721697445971
200 189.7353825468333
204 186.75215163732213
208 183.55621929034135
212 180.26694683482086
216 176.65064823904393
220 172.3203686744813
224 167.73310709757197
228 165.1237325138163
