60 191.07639545010846
64 192.77267731482166
68 195.08276639658925
72 197.2444591360795
76 199.41937777646243
80 201.37635271796563
84 203.18090008529978
88 204.8491257514092
92 206.6346926136606
96 208.19488094394026
100 209.57445268559016
104 210.718271911621
108 211.55571096029644
112 212.44663000964658
116 213.15907156984045
120 213.57817758883863
132 214.20645405921002
136 214.18998721068132
144 213.70972582758986
148 213.24641879918875
152 212.4833682298614
156 211.654290763284
160 210.7433728454743
164 209.75059170301125
168 208.54847238528328
172 207.17298956952152
176 205.35757805674004
180 203.42656812898366
184 201.2008005843827
188 198.82085004101043
192 196.2839998227164
196 193.53275345443407
200 190.43427557184333
204 187.14161507407061
208 184.06238742129068
212 180.68065033461494
216 177.17094797279657
220 172.52130502340572
224 167.2936904864529
228 164.34474180333768
