64 192.32172922425605
68 194.66725020617312
72 196.9284655490317
76 198.9485472234105
80 201.04807073998415
84 203.00202008843678
88 204.75808816409062
92 206.33916630932197
96 207.84730693153466
100 209.10715583750874
104 210.3331860622977
108 211.23530691550738
112 212.1448479132671
116 212.78508672271496
120 213.36946266412576
124 213.76847364947872
144 213.4878607800838
148 212.904498793456
152 212.2782748297689
156 211.61219668381744
160 210.64302533833683
164 209.5474533679283
168 208.22264040748917
172 206.74063898128412
176 205.0728412687112
180 203.23621602961785
184 200.84673053597703
188 198.46749449646245
192 195.97328831459362
196 193.23576929110834
200 190.206563364119
204 187.08272857172574
208 183.6636368443119
212 180.30054931168033
216 176.52803308598072
220 171.89153088409813
224 167.40670602456422
228 164.45067862795935
