64 192.9399688339605
68 195.26139215499256
72 197.55970596704972
76 199.74195249961522
80 201.7262051194598
84 203.58287791447256
88 205.10009930013507
92 206.7656432668359
96 208.250666363409
100 209.67217432522278
104 210.85896088797895
108 211.8168800368232
112 212.8021079100705
116 213.3683295695483
120 213.8422042444558
128 214.2766513255021
132 214.46226464310905
136 214.4491437929975
148 213.43574479111078
152 212.5925674311954
156 211.6154655714513
160 210.5300740069008
164 209.35754939255605
168 208.18653601839048
172 206.94717372532753
176 205.29043095852575
180 203.54162157843606
184 201.0079289439628
188 198.62199736188435
192 196.14108606450122
196 193.25089243559552
200 190.16018625970142
204 187.02822978852652
208 183.72039049240158
212 180.0882442892679
216 176.13060481157325
220 172.0598069602977
224 167.6603899922226
228 164.6167786190897
