64 193.01400822105472
68 195.7842583276014
72 198.28463460715278
76 200.2887163053843
80 202.35867767980562
84 204.3753713482808
88 206.10596158246724
92 207.53866134014314
96 208.81068655814025
100 210.03621474739043
104 211.31506978172865
108 212.28310020444374
112 213.14170416923926
116 213.79801934517158
120 214.34489744174545
124 214.55979395418439
128 214.57654898335227
132 214.59385034676473
136 214.55576615124298
140 214.42091007478894
144 214.19779420418894
148 213.76920213299678
152 213.088879249514
156 212.28534267020012
160 211.34554496081734
164 210.2199449122982
168 208.9325033351733
172 207.442078545632
176 205.6614336874018
180 203.69956305140312
184 201.51468986801268
188 199.1827680062354
192 196.463750396225
196 193.5640175763472
200 190.44013570837774
204 187.30226326224903
208 184.09278501174987
212 180.47502844534097
216 176.7522111501833
220 172.79977354322767
224 168.6680136154132
