60 190.07573795490669
64 192.5184054862398
68 195.1036752892704
72 197.25686194355063
76 199.35784710078596
80 201.20405251008054
84 203.0545954950801
88 204.70577715624074
92 206.550873781139
96 208.07851319028077
100 209.44638865440118
104 210.59419465741664
108 211.3129754630545
112 212.21136737757985
116 212.90592558772198
120 213.39991543785146
124 213.74799561651665
140 213.80581321234644
144 213.39648273247604
148 212.84053466514337
152 212.1570589913151
156 211.32793702183602
160 210.3220799139512
164 209.2357481365231
168 207.89025322252485
172 206.43289270029697
176 204.7302401510228
180 202.83233928390305
184 200.78526404920476
188 198.51292155873065
192 195.8407002419766
196 192.9187909186022
200 189.7662172853923
204 187.01893666325344
208 183.93360444206138
212 180.5371109509988
216 176.86623683485794
220 172.63064992404168
224 167.5473143843613
228 164.51856785223478
