60 189.23260467109296
64 191.41959233421682
68 194.12149878465544
72 196.61052804158427
76 198.67940759130738
80 200.5928826416785
84 202.45763391119303
88 204.32088013998754
96 207.5482919230758
100 208.8659476708504
108 211.01794071367158
112 211.79578942833282
116 212.36477731598575
120 212.984062411264
124 213.3037784587287
128 213.66002873667705
132 213.78985029350235
136 213.81403378858863
140 213.62102968080504
144 213.17801991594848
148 212.61923310677085
152 211.82524351900693
156 211.18265355392995
160 210.2287945307687
164 209.10431706277876
168 207.78822522575854
172 206.3555743191665
176 204.63758639967517
180 202.66451042940048
184 200.30684236603645
188 197.7969019904752
192 195.3666911269171
196 192.69149305459092
200 189.73584681928452
204 186.64828854380823
208 183.49163050860403
212 180.00630955447468
216 176.31971525883984
220 172.2514743802612
224 168.00861860769808
228 164.76430322064095
