64 191.4550606911247
68 194.29762791146885
72 196.67898777148804
76 198.4777664018325
80 200.46930372589765
84 202.3889922301928
88 204.36636048102446
92 205.8332964205933
96 207.40993128865716
100 208.9046566175836
104 210.20955130664396
108 211.08905247216794
112 212.010894962351
116 212.57425253079032
120 213.20142566635553
124 213.52648175438142
128 213.79982515518202
140 213.69025456304394
144 213.32388817872766
148 212.69477875708745
152 212.02025364398196
156 211.3042067094678
160 210.3624187723162
164 209.29016383028525
168 208.1439466214588
172 206.71490029442202
176 204.75207441559297
180 202.52962144921997
184 200.38641395407552
188 198.1306691528002
192 195.55629168973974
196 192.836778451836
200 190.13863891726226
204 187.16892408026942
208 183.54081860941096
212 179.52953216876634
216 175.42812513469374
220 171.74300083473662
224 167.82239144510046
228 165.41815163736118
