60 189.52086164774295
64 191.9069182812321
68 194.70779313853566
72 196.95517666344944
76 199.03164157612804
80 200.95748293889883
84 202.91443737510826
88 204.61064726850046
92 206.39772702386176
96 207.8766018099376
100 209.1314158716736
104 210.4542761251715
108 211.37323772555354
112 212.25227950730164
116 212.98716803700842
120 213.4889958573669
124 213.73707268937574
144 213.39690967018487
148 212.81389072155767
152 212.08048637181196
156 211.29342238927043
160 210.26068078276217
164 209.056829022902
168 207.86204089378728
172 206.4184263472351
176 204.65554398485148
180 202.8673896090845
184 200.65276768675272
188 198.4155538451946
192 195.87596870146996
196 193.11088706042744
200 190.01455159192977
204 186.79378498702425
208 183.5290501249395
212 179.91146614077707
216 176.11850576307955
220 171.81019998321534
224 167.21766546751252
228 164.56928394044326
