60 190.2804540989062
64 192.6336095013683
68 195.04974903262774
72 197.39132369220565
76 199.4873649506417
80 201.21249048016594
84 203.13919302972332
88 204.88086213157027
92 206.6774852488557
96 208.16739546062746
100 209.51258355976887
104 210.70937993948635
108 211.53463279507517
112 212.3471117981962
116 212.89709807923515
120 213.4058181368544
124 213.71804052324393
140 213.83802847762897
144 213.42581717426984
148 212.84870167304103
152 212.0897705026563
156 211.27232639978618
160 210.29562994006653
164 209.1509284871207
168 207.83773093733436
172 206.46846926920495
176 204.71418986368096
180 202.84449809594565
184 200.7042841495017
188 198.45798616036276
192 195.7623557270563
196 192.93425744609522
200 189.8154586566142
204 186.51770918246172
208 182.9368809700476
212 179.27338138504962
216 175.57774865682268
220 171.80058171939334
224 167.53065725636057
228 164.76510675406706
