60 190.17725425684938
64 192.8752371778827
68 195.35888599403893
72 197.89780004594377
76 200.0960348674162
80 202.0472143637884
84 203.94774769884327
88 205.72155818089647
92 207.3024139547221
96 208.5640530136851
100 209.54325187491935
104 210.64816387368322
108 211.54166047110357
112 212.5093269921527
116 213.18622968432035
120 213.66325151492498
128 214.1668729295728
132 214.37548247619966
136 214.29854253951567
144 213.70915323214157
148 213.19845580065152
152 212.35994114249883
156 211.3623700605394
160 210.44133159658247
164 209.40529930039781
168 208.1978006045411
172 206.91095375315223
176 205.15566737444402
180 203.18971373550403
184 200.62071911678368
188 197.97550664485166
192 195.45209375494267
196 192.77395547949976
200 189.8506753253911
204 186.9031472100101
208 183.62354060858837
212 180.08004171351524
216 175.83383315748088
220 171.78104071558312
224 167.59927585104768
