60 190.24953493908936
64 192.5709315268394
68 195.19427195901028
72 197.42304793578828
76 199.64162184487637
80 201.59888491799558
84 203.66170386508676
88 205.2141504912719
92 206.83950596509027
96 208.03566803398235
100 209.40276005894438
104 210.58218841531567
108 211.33341444443082
112 212.16357196943397
116 212.9585971603595
120 213.53842310359283
124 213.85942289783262
132 214.21666690083947
136 214.17264482179914
144 213.70112705747795
148 213.15639836045412
152 212.53515981990114
156 211.71062243462455
160 210.60135760048792
164 209.40503206099166
168 208.06195099048216
172 206.56583593071866
176 204.87129126475529
180 202.95283822933845
184 200.80087103252006
188 198.46895839053434
192 195.89990364660042
196 193.1705182655001
200 190.08673450748466
204 186.97258707328945
208 183.82029420313745
212 180.28324823981808
216 176.0957793610542
220 171.8975366898668
224 167.02622573723693
228 165.37703796718435
