64 191.56018920670368
68 194.03073851613885
72 196.26421798426662
76 198.2198259889822
80 200.41888285192428
84 202.44816316791446
88 204.32372909166787
92 206.0250176136748
96 207.6049538861713
100 208.94851920966977
104 210.14384587791
108 211.01642924555836
112 211.827727752126
116 212.34528035505988
120 212.9805810691986
124 213.34539452320215
128 213.636104599668
136 213.80352612711073
140 213.5822840474811
144 213.10362631543725
148 212.54221929363104
152 211.67563459435544
156 211.02658720228493
164 208.91090223282163
168 207.6045314239763
172 206.23133462013325
176 204.45597246438928
180 202.3498832333142
184 200.23546903702572
188 198.092981559341
192 195.74312787794307
196 192.94415396674765
200 189.82364945334103
204 186.66819376364765
208 183.34312517070182
212 180.17787054877454
216 176.3299956502109
220 172.9701709594879
224 165.95955803615936
228 164.5299354104698
