60 188.38042682947565
64 191.01593226590361
68 194.05742919708842
72 196.67476231305648
76 198.51116892475025
80 200.56729552154178
84 202.44708780782506
88 204.32135435709662
92 206.123499975237
96 207.681054008461
100 208.99017177701054
104 210.20682521216202
108 211.1973209017039
112 212.05172236866377
116 212.6500476075411
120 213.18545192870687
124 213.4382702916564
128 213.72381307507385
140 213.66228254628396
144 213.26125233937842
148 212.70499409718155
152 211.850413483057
156 211.19259009484006
160 210.38922357055577
164 209.35655829861076
168 207.95415633430258
172 206.4804911645274
176 204.70376626995156
180 202.71415871414328
184 200.54157886535165
188 198.3492901109397
192 195.8677330766274
196 193.0352528088164
200 189.8512985236229
204 186.69127996985083
208 183.4701282796242
212 179.8831410076719
216 175.83392932252758
220 171.31271707382996
224 167.11775025426903
228 164.239081770449
