64 195.36616985473754
68 197.9768459894567
72 200.3555559595103
76 202.45266408119727
80 204.33179755674587
84 205.996532561654
88 207.74251493985406
92 209.23982393000426
96 210.48634584533013
100 211.50384409807958
104 212.38428403107486
108 213.05887116932513
112 213.56412760811747
120 214.2798175262667
124 214.4530438967902
128 214.49028892446583
132 214.34476229545191
136 214.22735329516576
140 213.83799959721534
144 213.35371441321416
148 212.69321960684874
152 211.7979566475203
156 210.8333374281493
160 209.54729192266848
164 208.15690627839206
168 206.60993144190286
172 204.93145052187106
176 203.25040002454898
180 201.14138235525473
184 198.78507070995408
188 195.84113840750132
192 193.01907721082955
196 189.77490319425027
200 186.4241536797972
204 182.9491022795167
208 179.44423475341856
212 175.57602590610327
216 171.79848228299318
220 166.82982513312814
