60 190.1216756034334
64 193.14736645609432
68 195.82645143273868
72 198.18458486183334
76 200.09337411117087
80 202.0577509374788
84 204.09207995410782
88 205.8794511513098
92 207.51802009618044
96 208.83091263440488
104 211.12748127212018
108 211.9335350839522
112 212.68320412354987
116 213.177042343711
120 213.6999670891775
124 214.12884640138148
128 214.38288590477066
132 214.45377619323014
136 214.34433634262254
144 213.68120644965305
148 213.1456865521368
152 212.44179970647713
156 211.6473033709987
160 210.6717675974837
164 209.60466149607757
168 208.42349177512907
172 207.041636788301
176 205.1679076684518
180 203.3131174167274
184 200.88534077998884
188 198.50874662316346
192 196.06285370169888
196 193.40648175516026
200 190.15590652615947
204 186.83764043653946
208 183.3576761303607
212 179.77942290170932
216 175.91817649277925
220 172.1206477244818
224 167.0127450252379
