60 191.91320357686493
64 194.26780494100913
68 196.88939301533424
72 199.47338677683473
76 201.8390676489471
80 203.86991714516242
84 205.71214450923586
88 207.33190568810838
92 208.65721592425948
96 209.8787341320091
100 211.002935181747
104 211.98719198613819
108 212.7341345304469
112 213.36629047421593
120 214.43421282628145
124 214.58306480916468
128 214.50849000625595
132 214.57150337209373
136 214.4175824099363
140 214.25169989071756
144 213.81178158141108
148 213.19392616461062
152 212.4690277282274
156 211.59475082332233
160 210.56582351543295
164 209.24524577833648
168 207.86140734472696
172 206.38534119067901
176 204.49448521151479
180 202.3853257638296
184 199.85998644145474
188 197.38311701171813
192 194.7043449074564
196 191.58459336719378
200 188.3672079978263
204 185.0029059683355
208 181.65810220455376
212 178.1339189998199
216 174.6135221090962
220 170.08583615291792
224 165.89769435357533
