76 197.7710313559001
80 199.5261269101778
84 201.83120195813243
88 203.63843906996965
92 205.02936256328434
96 206.3917470212507
100 207.51386823796958
104 208.3806797407776
108 208.98151046956966
112 209.82596556599984
116 210.3575287170612
120 210.8198535972149
124 211.0924539443543
128 211.19984101707968
132 210.92964148388944
136 210.79980209057095
140 210.53457159013308
148 209.0164832994741
152 208.28288832132426
156 207.44892386138895
160 206.54301250825932
164 205.2209504363417
168 203.56524615521624
172 201.73680107458324
176 199.85296499390444
180 197.72200138258984
184 195.4423680892964
188 192.69476912093683
192 189.74161640874095
196 186.71327088565522
200 183.3733957196119
204 179.89534135822242
208 176.09497760549272
212 172.35848389573226
216 167.8919970312966
220 164.8015263213741
