60 192.68960553180236
64 195.25182499830203
68 197.77381509488907
72 200.39178397434978
76 202.63839640102543
80 204.68957926627766
84 206.42646507915674
88 208.0470242590762
92 209.23932355401462
96 210.43387454527385
100 211.47466224046056
104 212.38609079111836
108 213.14779627772393
112 213.83032046311718
116 214.35463469560798
120 214.4378416793367
124 214.42038965639722
128 214.48924741678763
132 214.4874883457612
136 214.4184367225265
144 213.6079763270831
148 212.89000474973204
152 212.191844087676
156 211.25706207935093
164 208.87211833935766
168 207.39128875265794
172 205.47879644672653
176 203.51784775780618
180 201.3207493376364
184 198.97178747843307
188 196.3726056241462
192 193.55037002162294
196 190.31265207388338
200 186.87060554561214
204 183.5583875348561
208 180.16631960603894
212 176.55325691991655
216 172.89101605875084
220 167.3804678867169
