88 206.65044178144817
92 207.7250422263545
96 208.76367605231658
100 209.8222409268075
104 210.6540462594931
108 211.318375870878
112 211.98186153006148
116 212.34336867389254
120 212.53249360911636
124 212.6813555315406
128 212.7327286613226
132 212.53801985537837
136 212.24564279414525
140 211.74014135798387
144 211.30803534174743
148 210.66029058421742
152 209.5323344969246
156 208.43576839700657
160 207.14829698960767
164 205.70484173012017
168 204.0799910199171
172 202.23614907223325
176 200.11106495264494
180 197.839525771818
184 195.5157213085135
188 192.88863289613255
192 189.96149029307685
196 186.76379520080997
200 183.27271551885198
204 179.95782096414814
208 176.16007395005266
212 172.30744327074586
216 167.41869198606133
220 162.95236908489923
