60 193.29513650696865
64 195.1934668078444
68 197.59877328758736
72 200.13704674031678
76 202.27127604969888
80 204.2828367694763
84 206.07977887855603
88 207.79321139577615
92 209.17107260682076
96 210.5195117228888
100 211.5748084646271
104 212.39918195766765
108 212.97339633369774
112 213.53044847665038
120 214.37343007334533
124 214.51063415565972
128 214.57675725804523
132 214.498354893957
136 214.38263886423425
144 213.48808271806956
148 212.79040436643257
152 212.00389514885265
156 211.07935181903932
160 209.84151711351953
164 208.46781162676
168 206.91116118579492
172 205.14881435941524
176 203.36803386003402
180 201.2578323427592
184 198.77983551322802
188 196.20012978509854
192 193.54262679226184
196 190.59339646917203
200 187.3924284006821
204 183.99582082127972
208 180.58326596991085
212 176.7237762244742
220 166.78095478263415
