60 191.88603662629527
64 194.36498751212943
68 196.78415067504088
72 198.80037894539373
76 200.9987219666331
80 203.1256172938814
84 205.13105249414272
88 206.98532438478466
92 208.54787031468098
100 211.15895559028337
104 212.25469730948197
108 213.2514880789194
116 214.63107660141176
120 215.12116461113945
124 215.5417002034153
128 215.85367628784408
132 216.0622806162797
136 215.9218565684609
140 215.48964977924481
144 215.1261600396063
148 214.43845270119255
152 213.77342466960644
156 212.990824234021
160 212.11061379000353
164 211.00267880270846
168 209.69361457792448
172 208.34265348598933
176 206.66716161814793
180 204.43619472142598
184 202.24417541953662
188 199.96037758287153
192 197.48176463456562
196 194.70331061375808
200 191.77473694423935
204 188.72420292489068
208 185.48787105964968
212 182.0252238922339
216 178.19384507653405
220 174.33165284324684
224 169.90966674898795
228 167.9349557909659
