56 189.5261246368909
60 192.14872844191825
64 194.70465514097498
68 197.08844078958163
72 199.4652432331303
76 201.89374310036908
80 204.0172898552348
84 205.96830187977451
88 207.63588763394478
92 209.11960698270755
96 210.56371516556106
100 211.84274172006482
104 212.9827485155389
108 213.84149824077377
112 214.46874974585538
116 214.96770312004364
120 215.45289747910684
124 215.69048986635306
128 215.84154064834334
132 215.87776474559394
136 215.72804622034903
140 215.47260693885386
144 215.15451322758926
148 214.72252300326733
156 213.05552665231326
160 212.13346544163264
164 210.96741947799262
168 209.523386316113
172 207.8767298187327
176 206.08661406476966
180 204.1570989378995
184 201.94444862460944
188 199.47765189060357
192 196.7513335055591
196 193.89327381994138
200 190.8667184930053
204 187.7588243273355
208 184.65970718459215
212 181.0530744338292
216 176.74078448332287
220 172.9126585822616
224 168.6659017553109
