60 192.21094425537905
64 194.87450755777968
68 197.24777424070402
72 199.6185717586613
76 201.8778471391509
80 203.980136738972
84 205.93637272489923
88 207.73139734810485
92 209.25493742941364
96 210.62812040184167
100 211.72033652843447
104 212.7593700471982
108 213.61908308630578
112 214.32473310896546
116 214.7826598921195
120 215.22129344140723
124 215.65666861619096
128 215.89071234290563
132 216.1099205258877
136 215.8852916852528
140 215.4218559959992
144 215.00036187051896
148 214.42988216043358
152 213.72333190743177
156 212.88366715589504
160 211.81937045229097
164 210.66026604387935
168 209.2235660056535
172 207.67641791508098
176 205.8418863702965
180 203.78496267818278
184 201.61379549721119
188 199.2399015587786
192 196.56213831544247
196 193.80029288230995
200 191.0915709961438
204 188.12403322823027
208 184.6521622788893
212 180.76942587056186
216 176.36371008250796
220 172.48290201861425
224 168.97624962975817
