60 191.3120857646249
64 193.8233872341048
68 196.48315007953735
72 198.83498446929275
76 200.88750653362507
80 202.9287398246016
84 204.91827602671276
88 206.72620902316794
92 208.20448227526774
96 209.4781280379829
100 210.72457143789995
104 211.96027359084096
108 212.98422086860597
112 213.76529579375693
116 214.24284021500677
120 214.51870505721394
124 214.88006412686724
128 215.16346255973514
132 215.64294901954793
136 215.40179251617428
140 215.1558255189663
144 214.7522984558667
148 214.26344589569194
152 213.580669582562
156 212.73938958061768
160 211.8155395782235
164 210.65726390758329
168 209.25493187618713
172 207.7189440913815
176 206.00623663162082
180 203.97910537484657
184 201.80969159361163
188 199.53446470711907
192 196.97005912542454
196 194.20144123851816
200 191.30627763919247
204 188.2017309017595
208 184.98327398642297
212 181.5142523842714
216 177.7335302194621
220 173.65496456534564
224 169.5672886915503
228 168.12384263395182
