68 193.8199490850617
72 196.25083830126775
76 198.5001058489189
80 200.8135974317199
84 202.844591062504
88 204.83705886536399
92 206.52598770981535
96 207.96048517555118
100 209.24027259861523
104 210.47738309047145
108 211.58358510795424
112 212.45212985223213
116 213.1509582387867
124 214.3566489023625
128 214.40491871821337
132 214.41831310265937
136 214.49803211992185
140 214.59023238093332
144 214.5335068006101
148 214.3276175298592
156 213.22123015882846
160 212.2720734695971
164 211.24099953383552
168 209.90583335234248
172 208.43235403704983
176 206.97006326610796
180 205.12946939190795
184 203.1743463580759
188 200.93546374796566
192 198.5502038088004
196 196.1121268661156
200 193.37668626476875
204 190.35212645936957
208 187.18055793040554
212 183.79292638318822
216 180.27420277092307
220 176.43962625663318
224 172.7392113848776
228 168.10714275834226
