56 189.77464773223892
60 192.20223601231498
64 195.10366405340073
68 197.77838389331288
72 200.1059319814759
76 202.16335302872355
80 203.96296495297648
84 205.7173298383072
88 207.48833944645594
92 209.0174795845312
96 210.53631695518925
100 211.68821919138622
104 212.797121849244
108 213.68242156478226
112 214.37883424429327
116 214.99254026693112
120 215.33020763722277
124 215.31075669266525
128 215.6558701365898
132 215.8367151384266
136 215.60368068039833
140 215.37723057068695
144 214.93086385446662
148 214.4030949992672
152 213.7085996560102
156 212.9131247977158
160 211.72703517594357
164 210.5661289721547
168 209.16698296166578
172 207.57764651005266
176 205.8757784656722
180 203.91451259524493
184 201.70759351560875
188 199.2897498491107
192 196.76928954781744
196 193.88170070799615
200 190.6522473358761
204 187.5060587315979
208 184.15099411186776
212 180.46724229449342
216 176.5479601482843
220 171.52164755233247
224 167.12501351517145
