64 192.08158136894295
68 193.86934292883856
72 196.36550818120287
76 198.82498199402036
80 200.90618774601336
84 202.92890237805793
88 204.81103266230193
92 206.52440130178175
96 207.99311425341892
100 209.27043495766134
104 210.35282238060768
108 211.29625152289188
112 212.11422003989207
116 212.91542555721298
120 213.39262763317234
124 213.67146166954757
140 213.77261522866536
144 213.35688309330274
148 212.78909425430817
152 212.16879459459426
156 211.32961032099095
160 210.3872296467808
164 209.21763004713222
168 207.90674319325245
172 206.44568176121507
176 204.84200896333056
180 202.88349498142216
184 200.69222241808552
188 198.28917988510128
192 195.65576300446642
196 192.84947320576265
200 189.78800870091163
204 186.7904680621246
208 183.57980575734427
212 180.1728209501023
216 175.9408944368708
220 171.65484582512016
224 167.10935228587817
