64 193.86345724892166
68 195.99747650157477
72 198.38595088020563
76 200.50626424023855
80 202.6315334733988
84 204.6365716140249
88 206.69103797346625
92 208.47554511388947
100 211.10800215990213
104 212.14074378823153
108 213.1002140850699
116 214.62506635595707
120 214.9906810113121
124 215.4047787270368
128 215.71383754292464
132 215.8295699079489
136 216.0044162262356
140 215.64872107151524
144 215.26771233580075
148 214.77396456878606
156 213.2461116675827
160 212.2505485911584
164 211.261357923735
168 210.08487108646426
172 208.7566795278297
176 207.20488493019047
180 205.291103452149
184 203.26792713276834
188 200.8120360897294
192 198.28387292196032
196 195.57233038219223
200 192.59444014513298
204 189.54899652261201
208 186.4353139147708
212 183.0466987809456
216 179.1785430013424
220 175.11529155948205
224 170.92702252577425
228 166.84326538039522
