60 187.94851808694767
64 189.80308335842102
68 193.07201398978216
72 195.93844496454653
76 198.32922938163114
80 200.4061744527003
84 202.49750486929204
88 204.50758776209003
92 206.44111505193212
96 208.28433743664343
100 209.70852036083835
104 211.11742192717688
108 212.26192009879085
112 213.31052218853347
120 214.63230231289992
124 215.0579373679398
128 215.55488545738962
132 215.8931310258502
136 216.08827924325973
140 216.0874252279464
144 215.88625963084104
148 215.45197574073245
152 215.0240236421447
156 214.53891125416237
164 213.24631930407173
168 212.11879789446803
172 210.71165371231086
176 209.1100137659053
180 207.3580060620031
184 205.46595627033338
188 203.4040366081683
192 201.36146873104283
196 199.03543691784708
200 196.2303309578753
204 193.43192956849137
208 190.36489298262188
212 187.24562877638078
216 184.0688222926093
220 180.16791788440543
224 176.01207380216033
228 171.695584354825
232 168.46859133054295
