60 188.14222566146492
64 191.06605007983907
68 193.874705164692
72 196.32440149716197
76 198.5016272808169
80 200.634373328817
84 202.70671343737726
88 204.6613007113493
92 206.53423716387633
96 208.29149541475
100 209.68412245520594
104 211.01497888972722
108 211.90273191938962
112 212.8653656230594
116 213.7534334970363
120 214.3430139519879
124 214.72746596724573
128 215.17976892565216
132 215.52980983657758
136 215.73248871602857
140 215.6560553402352
144 215.44907660439662
148 215.05063768737688
152 214.4844268969456
160 213.18286735647052
164 212.26998667914185
168 211.1500581182264
172 209.7389283607593
176 208.21829584152667
180 206.46894369674814
184 204.54425349098796
188 202.4082000312033
192 200.08018407141674
196 197.82047046333298
200 195.24270355662253
204 192.3296176013586
208 189.1684728005041
212 186.01550164267263
216 182.5397163047227
220 178.82644460251726
224 175.15960845486995
228 171.43640322123474
232 168.2960507415566
