56 190.35180811070163
60 192.48580327724628
64 195.14299961869386
68 197.7247301236922
72 200.22321836021325
76 202.30026964486967
80 204.33378703826602
84 206.27667922786324
88 208.02267379308051
92 209.46633251777854
96 210.8275785971569
100 212.0892451598218
104 213.18116549676142
112 214.45063467472926
116 214.98466955799597
120 215.4209509814153
124 215.6931683679483
128 215.82944557821776
132 215.88953982798807
136 215.7750637450224
140 215.44373856029674
144 215.02880618118604
148 214.47310912803857
152 213.8014750300879
156 212.8911859789133
160 211.79053710375769
164 210.60298672493676
168 209.346820833167
172 207.86053509002545
176 206.29698075915235
180 204.39921270922719
184 202.26613418249087
188 199.9924271713088
192 197.40092104696134
196 194.46556953389353
200 191.25841361628645
204 188.14904495562905
208 184.94632770947345
212 181.4712976136001
216 177.96417096381015
220 174.31358197208067
224 170.24478787810966
228 168.37603775606902
