56 189.53417877988954
60 191.83391871368707
64 194.8614323826208
68 197.43553306581816
72 199.85404836221306
76 201.96416051435327
80 204.09169829083118
84 206.02843379839967
88 207.85596902616015
92 209.36914250638137
96 210.78787138686988
100 212.03949137300407
104 213.06589893097512
108 213.76768641306444
112 214.39539440085088
116 214.9515310705396
120 215.45734171329528
124 215.76445141471447
128 215.92073899544195
132 215.99178099248346
136 215.88746965227062
140 215.56581883605594
144 215.17707012197462
148 214.6240658975452
156 213.13276505801764
160 212.12006303704538
164 210.9565977446237
168 209.46876372022302
172 207.98133285334404
176 206.2468742420139
180 204.147686250592
184 201.94150367791102
188 199.57509667113004
192 197.01278640696077
196 194.11289103810154
200 191.10008512498246
204 187.9332646128001
208 184.63249137068823
212 180.9842237728347
216 176.72157361959142
220 172.49644187469724
224 167.79266425162615
