56 191.14066281976034
60 194.44615274320677
64 196.80647276957654
68 199.24197907049137
72 201.36324136161295
76 203.3664649045902
80 205.17834106782678
84 206.92858438130355
88 208.6875089012405
92 210.2607975031928
96 211.61057328385863
100 212.79078451098712
104 213.7281071464561
108 214.5355464403379
112 215.13495866510812
116 215.72201380432026
120 216.14101565881722
124 216.37557178432118
128 216.59191697247775
132 216.52408509198102
136 216.43176491276353
140 216.1218579122092
144 215.67263253523967
148 215.10322540603607
152 214.15492321785527
156 213.15192451165245
160 212.03393535179217
164 210.85504646192868
168 209.5398550062859
172 208.02371100650797
176 206.26303527172743
180 204.0432074352934
184 201.6207077114807
188 199.11871927077945
192 196.59742291839342
196 193.69262459625475
200 190.72722754775765
204 187.54888605020517
208 184.15480058244628
212 180.16531170680096
216 176.00356597637725
220 171.83234471808316
224 168.7370316835723
