52 188.74125524833747
56 189.77686507801377
60 192.4267907315877
64 195.22892556524022
68 197.88611433650615
72 200.28162648485068
76 202.49904685655065
80 204.4404431685017
84 206.2998808732986
88 208.08415906774337
92 209.7236056079367
96 211.09912493142951
100 212.20911388715822
104 213.16661090180077
108 213.83621584748616
112 214.397226561994
116 214.88507948081732
120 215.4197188360127
124 215.67325269797038
128 215.90135206739365
132 215.8601006166451
136 215.7010990440469
140 215.38717856202072
144 214.7867809087583
148 214.1384132721967
152 213.37316895202738
156 212.46622805539164
160 211.46436453263598
164 210.28508126867396
168 208.88952735873676
172 207.16359346343148
176 205.24399790090735
180 203.13325420947604
184 200.8047697756347
188 198.32160698164148
192 195.68844619303465
196 192.8119601972501
200 189.60590165592504
204 186.35884286315314
208 182.80945764776936
212 178.94429020201304
216 174.67926278475795
220 170.8272557755651
224 167.37850694704264
