60 188.07327308715855
64 189.9074437591987
68 192.7020342763792
72 195.14449883090475
76 197.53709039491287
80 199.86670738387258
84 202.00184352487287
88 203.8545277125005
92 205.555374600539
96 207.32111404867373
100 208.86843148028095
104 210.37148777062504
108 211.46107283011426
112 212.5438591107314
116 213.4627468684567
120 214.19318879616665
124 214.7320256596294
128 215.21203984872426
132 215.45572873172952
136 215.77628561803988
140 215.77125843432668
144 215.51501402377383
148 215.13520086240794
152 214.56919132811294
160 213.47411954190807
164 212.8473090248789
168 211.83306998031557
172 210.50068465769854
176 208.968643699703
180 207.22402056317952
184 205.33596797664902
188 203.3616298889148
192 201.033941258223
196 198.42770321225885
200 195.72153871313606
204 193.0082707879648
208 190.10841822753727
212 186.82120771069845
216 183.26917480800554
220 179.5685362707881
224 176.00678248734926
228 171.92411097046306
232 167.5941245499988
