56 190.36112884066978
60 192.86812837404483
64 195.5805865357296
68 198.24432011250857
72 200.5192962869914
76 202.63385993634432
80 204.54537350542554
84 206.4153631659244
88 208.15200470800846
92 209.63438718674726
96 211.10483356696352
100 212.42400236948424
104 213.50354534080589
108 214.16590320539794
112 214.80315888676097
116 215.21489207752896
120 215.50777328938787
124 215.70983900855816
128 215.81365060739552
132 215.82484606243986
136 215.6678081860016
140 215.37569058028342
144 214.82304551751895
148 214.27280270035754
152 213.69826806639088
156 212.6853263026879
160 211.4669299693087
164 210.2804587150759
168 208.88034891171998
172 207.27637832892452
176 205.4058717635898
180 203.40400737752353
184 201.25259944312205
188 198.77843796326357
192 196.16301526636198
196 193.39380180922905
200 190.40346600744942
204 186.98077902409997
208 183.34877316213706
212 179.7065391116596
216 175.38968679400082
220 170.8595771937397
224 167.14704397645107
