64 187.9800096789911
68 191.34127476821226
72 194.0599787610759
76 196.4425737973887
80 198.61578615962225
84 200.84101965002867
88 202.76139846610218
92 204.61585515460334
96 206.22141380335518
100 207.71327857802402
104 209.06725466935998
108 210.1703132242504
112 211.19097670789694
116 212.10560184451919
120 213.06791550135074
124 213.61474644374974
132 214.33214247418098
136 214.5518088708744
140 214.53796682819885
144 214.4155164346377
152 213.67844081895694
156 213.12619345037922
160 212.3196847715845
164 211.41996143231643
168 210.44726772900103
172 209.31906744326412
176 207.77323700361762
180 205.89765024384988
184 204.089428725711
188 202.17764692745763
192 200.00591917744907
196 197.52016843642798
200 194.8920011939613
204 192.0905963068642
208 189.2837173960953
212 186.22598827037902
216 182.96599034768144
220 179.49718430657066
224 175.61531160289934
228 171.7789167028095
232 167.35971017217724
