64 188.30251359038792
68 191.52756029952204
72 194.24349226586583
76 196.6417598776025
80 198.78050748884158
84 200.93388710670143
88 202.87614900593087
92 204.76767049855704
96 206.6394335408609
100 208.32233767224807
104 209.59695119550923
108 210.7505734206733
112 211.79808932370221
116 212.68543213373496
120 213.35249661296837
128 214.30277294140527
132 214.5586689434816
136 214.60945278651812
140 214.61070284733253
144 214.55590085764703
148 214.3484456536769
156 213.5532819349654
160 212.8145469298572
164 211.86564367598623
168 210.66983816062273
172 209.29115406599615
176 207.85534174059015
180 206.25009778882506
184 204.43529102323663
188 202.3624240047068
192 200.09853077418325
196 197.67690254260282
200 195.11414651617207
204 192.45974814008582
208 189.51031934059694
212 186.5865501139276
216 183.4170706553208
220 179.904243617575
224 175.85850860886217
228 171.68948552675434
232 167.14963884493363
