64 188.99272130207459
68 192.09317007250945
72 194.77765973609348
76 197.10047153756616
80 199.44353127123122
84 201.53800213939886
88 203.5377130772182
92 205.31222310934197
96 207.0070984437987
100 208.5438490019979
104 210.181663948111
108 211.32645222586558
112 212.14976986335836
116 212.77920646627842
120 213.62713887366695
124 214.14573941643891
128 214.54291139100133
132 214.90329871900005
136 215.05761859618855
140 214.911027684362
144 214.6798189314489
148 214.43592115944296
152 214.18991673707217
156 213.65671291689682
160 212.96567462503424
164 212.1172298410815
168 211.04004619057173
172 209.90526494405097
176 208.46141549170807
180 206.89305891840928
184 205.12875115759914
188 203.16460989565323
192 200.60645466855192
196 197.94724723122744
200 195.4026194606374
204 192.62540862943885
208 189.69366436270468
212 186.46921118681647
216 182.90852996181135
220 179.33509997990274
224 174.96290856186465
228 170.7785583490973
232 167.35992486164147
