64 187.61986759049148
68 191.28496465461308
72 194.15402600079423
76 196.42798128323244
80 198.59854984506367
84 200.64046370084884
88 202.56618853309988
92 204.39624539516063
96 206.21605184502755
100 207.67462087873395
104 209.04170417292
108 210.29024221303428
112 211.3806750770981
116 212.40721864597995
120 213.1394639657954
124 213.75321770352076
132 214.3799756674431
136 214.527503346557
140 214.58112761149386
144 214.49749291648
152 213.72745013750838
156 213.2224051463309
160 212.51221398499712
164 211.7676333399762
168 210.67896984274464
172 209.14287247842813
176 207.53782294151733
180 205.83186456491126
184 204.08102770155153
188 201.9597423929862
192 199.79976961485661
196 197.34325925334335
200 194.73903546281488
204 191.9097488472285
208 188.98953756157155
212 186.08092083841365
216 182.6482548351975
220 178.92020060198226
224 174.9908827691953
228 171.02977482096742
232 167.20820507151163
