64 187.77653512415657
68 191.51087405411783
72 194.1408438277192
76 196.5211158370442
80 198.66750075468602
84 200.81655821985345
88 202.8681122613894
92 204.69771720826952
96 206.53166781098645
100 208.03331513833984
104 209.45448843830945
108 210.70504690035338
112 211.70716931807794
116 212.59332011862398
120 213.26662700118925
128 214.28149115456114
132 214.4859819208639
136 214.53077543337668
140 214.583331873793
144 214.48888849185388
148 214.24283012458773
152 213.7417294213661
156 213.24131695039426
160 212.75503101526277
164 212.03218834607912
168 210.8272193977858
172 209.38964722527047
176 207.99470942281894
180 206.46070163827955
184 204.5492079738789
188 202.36841481210604
192 200.08255043195803
196 197.82246433798056
200 195.34310588800366
204 192.48986830716177
208 189.47821800559785
212 186.32912482415855
216 182.623534476629
220 178.80787770282677
224 174.83351149559468
228 170.82791284643397
232 167.31898282312636
