64 186.9825566303512
68 190.4235332128653
72 193.06540418343783
76 195.38036694085343
80 198.07284697118237
84 200.40177485120049
88 202.4510413451955
92 204.29548967093882
96 206.04436031683488
100 207.5810611064113
104 209.01852641517476
108 210.17119586442797
112 211.30632208842303
116 212.1474733031742
120 212.90082964018205
124 213.38656982688627
132 214.2291149750745
136 214.4734553003747
140 214.3599297169069
152 213.4925165527473
156 212.89190878298615
160 212.11946241441566
164 211.15700199429625
172 208.97836953922126
176 207.73891951768437
180 206.28997392110855
184 204.43423355487306
188 202.30881961673413
192 200.12056574328506
196 197.69196929031017
200 195.19189227988664
204 192.43873549229872
208 189.46978411454657
212 186.2673775073315
216 182.91093254689463
220 179.52527208481317
224 175.8382965585339
228 172.2923792114342
232 167.36494887548565
