64 187.7167993903003
68 191.06285522410465
72 194.03179102532076
76 196.54429295619167
80 198.66667209648034
84 200.80928054638517
88 202.78393632377657
92 204.59491720053373
96 206.24486523908132
100 207.73372704354153
104 209.19459805086024
108 210.39306398746834
112 211.4596828930229
116 212.44491946808247
120 213.15184681185826
124 213.72558312953254
128 214.1582881105241
132 214.4009252673338
136 214.45878462244679
140 214.52544702340177
144 214.48575351810982
152 213.69933063238472
156 213.15834023816478
160 212.42714667402515
164 211.4835356150425
168 210.41210362160894
172 209.28650796439064
176 207.935279984456
180 206.2966731556787
184 204.41564974461204
188 202.29506413531942
192 200.1401774825851
196 197.90017432278796
200 195.46854451118256
204 192.80625556793316
208 189.63020475377135
212 186.38927705791923
216 183.0945607390828
220 179.38175919335933
224 175.6277568218973
228 171.73288473896304
232 166.95014098207096
