60 185.0904273386043
64 187.12344477371093
68 190.0609809584692
72 193.02755826240497
76 195.53792438618893
80 198.21838367381955
84 200.44660510255505
88 202.46935422750454
92 204.3207582016699
96 206.14838427980266
100 207.6674041422899
104 209.13464973476715
108 210.23075756086124
112 211.28988606469085
116 212.13041993225036
120 212.85015576994238
124 213.35116897553488
132 214.17963949651912
136 214.41636773318317
140 214.40134748392853
144 214.25896128140567
152 213.42871743619213
156 212.8207331457536
160 212.07009649208294
164 211.2039979391806
168 210.10551798407715
172 208.9300567279914
176 207.52453283070383
180 205.8704568003783
184 204.074416654981
188 202.08396576559062
192 200.00972912677304
196 197.71913991344582
200 195.08223643102846
204 192.1457988402666
208 189.15550118350072
212 186.08705699059055
216 182.88836910012992
220 179.45754130941444
224 175.35833869954268
228 170.90611466855492
232 166.84377009814733
