60 185.36273288504736
64 187.27874080299824
68 190.21235692533946
72 192.96279622532316
76 195.32436649234225
80 197.61050616718745
84 200.03837332325517
88 202.24399316329942
92 204.20426335720302
96 205.87131578434312
100 207.3753796374052
104 208.64529729221525
108 209.68293264398116
112 210.7302553335452
116 211.60420526208313
120 212.3761196927134
124 213.08119322876507
128 213.52564946970767
148 213.6014235198096
152 213.20656029428588
156 212.64685607355034
160 211.8800542697193
164 210.9679331182171
168 209.80085541002884
172 208.66878814650408
176 207.28517015313747
180 205.5610432766577
184 203.74316931611415
188 201.53416330981673
192 199.35567423892553
196 196.87583745565098
200 194.26471745907702
204 191.490545126524
208 188.75795562465615
212 185.8307754234978
216 182.4672799251224
220 178.86951066143374
224 175.01195343992543
228 170.88939637117835
232 166.4121164157699
