60 185.25843973717596
64 186.60600546825668
68 189.5799910365027
72 192.57744389585943
76 195.3593518201504
80 198.08401153459954
84 200.37837019246163
88 202.29563637007857
92 204.09683467160602
96 205.7478673665076
100 207.24946848378616
104 208.53292126879808
108 209.59402598627764
112 210.75318151873387
116 211.65917678467656
120 212.46038858080604
124 212.98712926909062
128 213.39481991119723
132 213.6758304942938
144 213.59409682257302
148 213.18224625835427
152 212.6821559952542
156 212.14393234612623
160 211.4687245847871
164 210.4974965176608
168 209.26242901682355
172 207.89392080212662
176 206.4187272605708
180 204.8399613475464
184 203.00004317218315
188 200.94831021516939
192 198.72507796718077
196 196.25207298925827
200 193.67877830338156
204 190.9504154308975
208 187.9961355283315
212 184.76424464159163
216 181.4820211506846
220 177.97846129722922
224 174.13297241523364
228 170.11815887393175
232 165.824284957699
