64 187.21840277510717
68 190.33275972650796
72 193.31647226860625
76 195.95703615573365
80 198.50649443230634
84 200.7122889419175
88 202.68730463454972
92 204.63225665702018
96 206.2804838825509
100 207.7901017241697
104 209.12085086524786
108 210.14122441978526
112 211.21705115713647
116 212.0005406573905
120 212.82747065252155
124 213.2996334036049
128 213.76118365349853
136 214.25737335654986
140 214.19645813200134
148 213.65827178113759
152 213.17353346117702
156 212.65171881468657
160 211.95370809727126
164 210.9976062908075
168 209.90153976763543
172 208.70689028268015
176 207.2667532964681
180 205.4844116848306
184 203.54232550983102
188 201.5164052763212
192 199.3909287293376
196 197.05902195863956
200 194.41339981861623
204 191.54539825141168
208 188.77107317475787
212 185.73121709945167
216 182.35151271465992
220 178.4768426036431
224 174.44299858183683
228 170.0637208436641
232 165.9025133338077
