60 185.3459462514537
64 187.13401421489579
68 190.36299884722996
72 193.1750437593364
76 195.7426435987801
80 198.2402126099073
84 200.48200944458165
88 202.40261113532193
92 204.1058157980591
96 205.6234149240714
100 207.1493844932641
104 208.59974931367609
108 209.79288795330197
112 210.74578723788687
116 211.39117306678094
120 212.13202297526223
124 212.6129355379162
128 213.0151874550104
132 213.38575630373336
136 213.65814278321244
140 213.62522302588243
144 213.450714566416
148 213.0562865168037
152 212.59003520961397
156 212.02356716539043
160 211.34269455988343
164 210.46373035747763
168 209.04678930506017
172 207.60817437068917
176 205.88426739218585
180 204.3275753122853
184 202.7573564143711
188 200.94903471197847
192 198.91383170430763
196 196.31488957825582
200 193.61298828360862
204 190.65993953652247
208 187.78423557978564
212 184.70126232007647
216 181.38759013225211
220 177.6919702178493
224 173.71269032819322
228 169.40833067648356
232 165.43666477849996
