64 187.27699509292816
68 190.35953806506367
72 193.00363626560718
76 195.34020668666085
80 197.83949019240706
84 200.28586059963575
88 202.19361432193045
92 204.06102727474706
96 205.59250082881863
100 207.10509553394644
104 208.33508255846846
108 209.46950174769475
112 210.50425833130114
116 211.21029094566063
120 212.04071347299643
124 212.66774059379074
128 213.10654895201614
132 213.46492799534303
136 213.73727881510138
144 213.58864361260473
148 213.25526112683133
152 212.75627826771188
156 212.0413439111216
160 211.15603029615988
164 210.22161174301974
168 209.03740204781695
172 207.9333136284367
176 206.69064457838724
180 204.9481228912805
184 203.33308849402454
188 201.3705699911942
192 199.23990645933785
196 196.6663414261856
200 194.02790717707018
204 191.30451891975466
208 188.53424621323205
212 185.2596278517385
216 181.5215240846938
220 177.934206390949
224 174.3033868617673
228 169.9773484299954
232 165.953904971879
