60 184.89964938106846
64 186.8572306641666
68 190.21072195163327
72 193.37958838028962
76 195.80973811045152
80 198.40785836007484
84 200.65200577567205
88 202.60172278195412
92 204.49551726008974
96 206.2565440334266
100 207.835560538678
104 209.23548777787863
108 210.28755597461475
112 211.19110254160378
116 212.05081153507743
120 212.8749820540333
124 213.33867503837797
132 214.20911473201733
136 214.4672691811218
140 214.39359871501765
144 214.22653316999435
152 213.5782313489787
156 213.07080034748208
160 212.24398139632416
164 211.2077282633665
172 208.72542594755956
176 207.07849715146176
180 205.4397246613158
184 203.6635808708858
188 201.75735000941813
192 199.6437418612755
196 197.30951817703635
200 194.58215249271535
204 191.61162747385882
208 188.6988011598003
212 185.607557926193
216 182.29524768015415
220 178.44818178854408
224 174.5777845854211
228 170.61003357598014
232 166.51788946942233
