64 186.93379348374617
68 190.08957289315367
72 192.78037891694612
76 195.06351462240997
80 197.61175128246862
84 200.060380837657
88 202.17031258033828
92 204.12705810474006
96 205.84315156317945
100 207.2851327219683
104 208.4629755755302
108 209.5953577079892
112 210.50987677755327
116 211.2204464160184
120 212.08920778672157
124 212.68402055659533
128 213.14983919486718
132 213.43556520493522
136 213.69759587914268
140 213.7485630076653
144 213.4832761973203
148 213.1003348082268
152 212.61290703307358
156 211.995438916807
160 211.23212015703757
164 210.25827753295533
168 209.1445715830199
172 207.97291845322738
176 206.62054148288755
180 204.8664428723332
184 202.98407194815525
188 200.8813711314257
192 198.63934204684952
196 196.14340677774217
200 193.5318011814221
204 190.67182567709324
208 187.77594543504887
212 184.89600681211448
216 181.74352400818142
220 178.09240911873158
224 174.30532719974894
228 169.83839309785031
232 165.7274061678925
