60 185.25329584162347
64 187.2572614239807
68 190.30021938879588
72 193.07181551879384
76 195.66328076779504
80 198.11211080154595
84 200.28744878762728
88 202.24811582150357
92 204.11638579932506
96 205.80062665325914
100 207.34451315737888
104 208.61233255649137
108 209.86836322146084
112 210.8770278558481
116 211.5518592688677
120 212.4221792909733
124 212.78885309432383
128 213.13997465130063
132 213.47027951822358
136 213.70245733767078
140 213.71164703026133
144 213.5606240707501
148 213.1547325956289
152 212.7134447932947
156 212.04196850633502
160 211.21025259511777
164 210.25344984328189
168 209.1581707853185
172 207.8653222143221
176 206.34437348233456
180 204.73752498901092
184 203.13478120044465
188 201.0984311876436
192 198.9163045295419
196 196.23293000868236
200 193.4027481962473
204 190.65220334208337
208 187.60646244700945
212 184.3113312029745
216 180.92506084376012
220 177.22351585224544
224 173.53507329180644
228 169.4692955884774
232 165.47873972458632
