64 187.5377298272429
68 190.700764871312
72 193.69966937309232
76 196.32026513142927
80 198.53896928042897
84 200.61469344066754
88 202.51105184030706
92 204.36307096352078
96 206.04474595884398
100 207.57338236829662
104 208.97407736904435
108 210.1654787773861
112 211.19601912217803
116 211.91689054143876
120 212.80154669108452
124 213.28997239575415
128 213.7296265215083
144 213.7367261122394
148 213.39720030152193
152 212.7656340462743
156 212.10584485843958
160 211.3166162020324
164 210.45434916040915
168 209.3564265523031
172 208.09835387562077
176 206.70177745075696
180 204.96604768862153
184 203.18724526922492
188 201.25711157533823
192 199.21549983409773
196 196.63499200549128
200 193.85597312817384
204 191.10441721110922
208 188.15290564079484
212 185.11355147978293
216 181.73713552550754
220 177.8324134752043
224 174.4039550958242
228 170.14656070145438
232 166.02480786682236
