64 187.55182680047216
68 190.6202552015063
72 193.18671513903547
76 195.69420086090835
80 198.19907325333992
84 200.4583163130971
88 202.35618809347392
92 204.23245891122565
96 205.94808416071504
100 207.51086455722196
104 208.8835397253269
112 211.09588072015487
116 211.91360486162117
120 212.68049231290553
124 213.15701465989363
128 213.44155882153586
132 213.76297465693654
144 213.82100967949063
148 213.4598427369153
152 212.89587224046613
156 212.31586284689064
160 211.4876822488441
164 210.66157113480307
168 209.50480819194186
172 208.2826078034305
176 206.80108428016976
180 205.0114976115694
184 203.15674469795843
188 201.1549274407145
192 199.03745836959337
196 196.48370123130837
200 193.78202390400972
204 190.8715188748012
208 187.97475957897748
212 185.10540785271343
216 181.783006064476
220 177.8781003857801
224 174.1715709736825
228 170.5049115258174
232 166.72383181175377
