60 184.8728487023575
64 187.05310269643817
68 190.47020545645523
72 193.25474690873892
76 195.8274228524698
80 198.44029417963645
84 200.7494070704914
88 202.73060579634762
92 204.46514484246512
96 206.04920899735046
100 207.51998774787785
104 208.80948237971035
112 211.05199729527476
116 211.885198563063
120 212.7414203609738
124 213.23968778648356
128 213.5086510102241
132 213.7779491340548
144 213.80768037466623
148 213.42341743370673
152 212.80364575959072
156 212.1681893548736
160 211.32728847684504
164 210.46043702054715
168 209.38473305571333
172 208.01240402058505
176 206.54883980904776
180 204.97688559931441
184 203.32157936202404
188 201.35629688499284
192 199.04758100015704
196 196.35538645494927
200 193.57296977766276
204 190.7596607400286
208 187.78400636783502
212 184.86235926748583
216 181.54351658026584
220 178.0440279418392
224 174.3590478148049
228 170.23773262135694
232 166.40012795174783
