64 187.76899640553097
68 190.2803691411118
72 192.96086864909495
76 195.63552399882258
80 198.15336782282932
84 200.32834959418136
88 202.18864220754983
92 203.91903976162337
96 205.53053654075208
100 207.0843365101621
104 208.42389768895018
108 209.76974105278867
112 210.8623075226613
116 211.5059922899785
120 212.2730449321141
124 212.79753047770743
128 213.2387051949296
132 213.59317679177428
144 213.54391410723662
148 213.12590472235823
152 212.57775380055068
156 211.8716953352207
160 210.9782565037676
168 208.7835383190605
172 207.45131472542036
176 206.12113953774747
180 204.60578732935682
184 202.85522354188672
188 200.80688438754058
192 198.47800337159964
196 195.87809983451783
200 193.33004949832716
204 190.56923837055587
208 187.63085179001786
212 184.6404217349157
216 181.46834403160784
220 177.95005427410567
224 174.35493691730565
228 170.38461618978098
232 165.9511548919103
