92 203.79195581401723
96 205.0913509816414
100 206.39203206382084
104 207.4368147057076
108 208.4559919163393
112 209.33101584687216
116 210.1601731095895
120 210.8108376662999
124 211.20774669804672
128 211.48558185441135
132 211.5809974046552
136 211.49797554305073
140 211.23289295852666
144 210.8648828823222
148 210.37774756966292
152 209.73889452204995
156 208.90067443672365
160 207.97767288526396
164 206.79206469621155
168 205.5418452344425
172 204.16854567767086
176 202.5545260108001
180 200.6237672772603
184 198.47029011134046
188 196.34314978602566
192 194.01566865302897
196 191.47118097047547
200 188.60730710961144
204 185.56775737617886
208 182.52982516386567
212 179.40458457981035
216 175.88475440080106
220 171.85582301726015
224 167.79151940049763
228 163.84669921771518
