64 187.42699426404613
68 190.32838926358463
72 193.13313186697363
76 195.67023375551508
80 198.17167545525237
84 200.40858781074843
88 202.39360508891744
92 204.21995135405382
96 205.80320616756046
100 207.42130889584496
104 208.70149846846311
108 209.76613498147702
112 210.5834854518343
116 211.32746601577415
120 212.1183725333941
124 212.70786934036522
128 213.2205102747179
132 213.572602051265
136 213.7785613751958
144 213.64149865374935
148 213.25944552403024
152 212.63154538462294
156 211.90215093344227
160 211.0138251104283
164 210.1517692686859
168 209.08515139375697
172 207.968431339892
176 206.54514567227628
180 204.78035169579712
184 202.9126609833166
188 200.9061218289161
192 198.67370403257877
196 196.20649820730222
200 193.5832197615129
204 190.65119637222716
208 187.69369455136984
212 184.4781686696353
216 181.2389610684799
220 177.56392758492436
224 173.52546068849026
228 169.16308917133335
232 165.62072139978903
