64 187.07565542740062
68 190.62779605770473
72 193.6039627295982
76 196.2008853527362
80 198.5748328920654
84 200.81428133260528
88 202.89561225607406
92 204.843843476312
96 206.62588140343806
100 208.04705295792786
104 209.27907940515175
108 210.20992581537487
112 211.17286847106513
116 211.97804005275594
120 212.7551260407892
124 213.22658744380448
128 213.7067411495474
144 213.86696903013666
148 213.59426405674242
152 213.1340278036431
156 212.4055614470361
160 211.4523474435399
164 210.61788796610838
168 209.51015507986025
172 208.3210938509939
176 206.89250910124656
180 205.15816024231898
184 203.30868049781495
188 201.30333484108894
192 199.1844274023063
196 196.78362161559838
200 193.78958791962057
204 190.6777632566129
208 187.678860291975
212 184.66190278130915
216 181.49112635311351
220 178.05651512588094
224 174.3517479568472
228 170.23973688089112
232 166.8555603442396
