68 190.96995781660343
72 193.35345839780837
76 195.94559254640748
80 198.46250575041137
84 200.64788817325882
88 202.66219368615344
92 204.53635714656477
96 206.24160445077547
100 207.73814134155518
104 209.0327171184935
108 210.22202687210637
112 211.1288492898137
116 211.83478241637238
120 212.55260793164365
124 212.99709386710379
128 213.40579317805862
132 213.6791571646629
136 213.74112921241803
140 213.59216631011398
144 213.24541924077806
148 212.79485043163214
152 212.43992821559152
156 211.90265242266105
160 210.94617711785565
168 208.67291459928384
172 207.21530250579417
176 205.64953955944685
180 204.10360116276047
184 202.4370896997513
188 200.41638505083412
192 198.19125399509807
196 195.79400296453235
200 193.13819521757134
204 190.2827449813853
208 187.29348146793802
212 183.9040362403273
216 180.29203052893223
220 176.82099528256484
224 173.51468930924398
228 169.981465992047
232 166.32068766822488
