64 187.7832185737301
68 190.728555501427
72 193.58019263744578
76 196.16933754386517
80 198.55967015428786
84 200.9063763559495
88 203.03940346196862
92 204.94311762749618
96 206.54969700903212
100 208.02684574774474
104 209.38804525456902
108 210.44934741778877
112 211.45159383473253
116 212.1034590876928
120 212.85988197058728
124 213.4879821391313
132 214.18611094153468
136 214.32824153437733
140 214.1870003190458
148 213.60132501195625
152 213.02974894214597
156 212.45634490972435
160 211.67685138705463
164 210.7588645566682
168 209.64455143029562
172 208.33669058573378
176 206.7874354817365
180 205.17026673771605
184 203.39441119785607
188 201.52503735468446
192 199.4253355964904
196 197.08987031741555
200 194.32595326178654
204 191.12680146532665
208 188.15723683714518
212 185.2079903886618
216 181.91800359899167
220 178.0356041114348
224 174.34616830172575
228 170.11112188644802
232 166.67116079209956
