72 191.2728471383155
76 193.0591451789384
80 195.28323087928447
84 197.98461582105443
88 200.43918344433456
92 202.6090988588254
96 204.65543307516296
100 206.5693776687617
104 208.33474746689564
108 209.90484589495233
112 211.22487977198932
116 212.18198513554321
120 213.09801231260408
124 213.9027806108046
128 214.59108356373287
132 215.19422053835922
136 215.70028261063942
140 215.94356148742105
144 216.04124522421884
148 216.0602910828131
152 215.92481026152026
156 215.59936073919238
160 215.15390163761333
164 214.61886367737304
172 212.96820616304637
176 211.92825278287927
180 210.71206084554845
184 209.19274621017848
188 207.4786849757221
192 205.4511347483596
196 203.42739383301245
200 201.2482634416985
204 198.98887569702828
208 196.3361690686465
212 193.6149834050485
216 190.82450477978858
220 187.76017059181635
224 184.45684969693667
228 180.90978430893537
232 176.96596627543653
236 173.20625620721535
240 169.75744993794757
