76 191.15508451544127
80 193.80149175144842
84 196.2692690014325
88 198.71126777673268
92 200.80867218983366
96 202.9692072065128
100 204.87324764742948
104 206.74448763971924
108 208.19930103681085
112 209.56422699711686
116 210.86503874042057
120 212.0004327316507
124 212.87661266832765
128 213.77097727271965
132 214.2872550698005
136 214.65154287387122
140 215.06267150741766
144 215.4566866345553
148 215.5581919593637
152 215.3988852536261
156 214.93671131167235
160 214.53408715673163
168 213.4568226832699
172 212.70182984714936
176 211.45950416737404
180 210.089620815613
184 208.57659441940598
188 207.03693371458667
192 205.25417897997224
196 203.45141479000966
200 201.3448153426595
204 198.96773011164578
208 196.5106195654182
212 193.8737975620422
216 191.06565545263487
220 188.08355212040163
224 184.9784520482086
228 181.24442882986978
232 177.18874080148692
236 173.58898021866634
240 169.7385979936464
