72 191.08020982782324
76 193.4911785503866
80 196.11381765702885
84 198.54521535669085
88 200.7166110152052
92 202.84703219038164
96 204.73877992335832
100 206.60585619340787
104 208.21811672191532
108 209.3891675474737
112 210.55025624169758
116 211.6165393287371
120 212.59659441281866
124 213.39241567720467
132 214.34141245321564
136 214.51640796690646
140 214.60352821433767
144 214.626300408425
148 214.54688980022914
152 214.40031290893592
160 213.67043517887524
164 213.04899242333647
168 212.28225960028448
172 211.19663775197617
180 208.77585369192775
184 207.3872291022658
188 205.61091425364143
192 203.69475425625754
196 201.44474517180575
200 199.12943966494421
204 196.66788183747357
208 194.17047852000894
212 191.47424777966881
216 188.56240573835805
220 185.40385934113388
224 182.0794927321075
228 178.6722834354908
232 174.98040162629104
236 170.9181692965745
240 166.90538158451176
