64 190.79964965798254
68 192.72095412952257
72 195.746109511757
76 198.45234665478756
80 200.7927716844922
84 203.09164385997195
88 205.2414888286127
92 207.15010383307074
96 208.99346552128094
100 210.63543956321251
104 212.0912280475563
108 213.18693230451183
116 214.96249899053512
120 215.53229794559311
124 216.01566828748216
128 216.35668374791678
132 216.70349353676158
136 217.0574261904407
140 217.1355268078072
144 217.01408184623847
148 216.51965489918234
152 216.12357460263968
156 215.54135819663634
160 214.99545625291637
164 214.2533672377566
168 213.32153027146725
172 212.2977430600726
176 210.92172257934658
180 209.1697209186438
184 207.25391102336962
188 205.20970096891125
192 203.11418785697438
196 200.588249424418
200 198.0780116477806
204 195.37171231846992
208 192.51839005694507
212 189.40661824145695
216 186.1683701422173
220 182.6444601261569
224 178.7909983688823
228 174.85060541343498
232 170.8166143611962
