72 189.05369101033455
76 191.52521592263133
80 194.5584319184377
84 197.31629766825216
88 200.03210997075783
92 202.2986061264796
96 204.2209798247498
100 205.84013430534495
104 207.4730825141496
108 209.00027621365956
112 210.56413102849274
116 211.77366340207254
120 212.8698178727012
124 213.64577601839503
128 214.27441565639327
132 214.94244465933127
136 215.42597255875015
140 215.77579074311413
144 215.88939676032058
148 215.92643527662207
152 215.80063894256494
156 215.56125465844042
160 215.11578457089635
164 214.56878906642856
172 213.07487696906736
176 211.88123071775453
180 210.55431295022984
184 209.03596071227471
188 207.42068047995284
192 205.556530743978
196 203.62583486451587
200 201.3941217103665
204 199.10575276842582
208 196.6280403027513
212 194.12162426392973
216 191.20032614678723
220 188.09228475201724
224 184.9085322200825
228 181.6250430242822
232 177.86014809748127
236 173.99016018042988
240 170.5087238696144
