72 189.40536715437588
76 191.8043673759679
80 194.83838151954026
84 197.61355253617998
88 200.10839665756515
92 202.3198084899121
96 204.35153354689453
100 205.96001636149063
104 207.4807070811123
108 208.84822025053165
112 210.27336112193854
116 211.44763832387628
120 212.4921727664555
124 213.48645529408353
128 214.21991084709362
132 214.75279133931184
136 215.3016855974741
140 215.73900560924687
144 215.93820357657881
148 215.96042655326613
152 215.75713927426705
156 215.46014508864866
160 214.92780456733533
164 214.4456401545735
168 213.78738269719037
172 212.9015795497467
176 211.7997269678459
180 210.45523287808308
184 208.97479358588723
188 207.3724992799279
192 205.59182318473862
196 203.68300993711753
200 201.54400004355722
204 199.31540457652258
208 196.82765772374103
212 194.2066324191977
216 191.1988819188683
220 187.9926846052587
224 184.79041087159868
228 181.50558091051477
232 177.63924515376527
236 173.73790905906282
240 170.2887735883471
244 168.20349783003485
