68 191.2853510071018
72 194.06684888081577
76 196.60440560344043
80 198.9742433079189
84 201.20294355056927
88 203.31128636457703
92 205.3497366686579
96 207.17551951224326
100 208.9543095955206
104 210.45610023146855
108 211.74277277358073
112 212.86408475772382
116 213.8110532613233
120 214.5467773797352
124 215.15725206728817
128 215.69238786881857
132 216.11211683655074
136 216.34792588664317
140 216.5457687663458
144 216.47833024648682
148 216.20811301223546
152 215.88112967433935
156 215.44231083271666
160 214.86208781417702
164 214.2187221327123
168 213.27150285408106
172 212.26371158546712
176 210.92810786271235
180 209.2365884504043
184 207.50692339284097
188 205.43447488651864
192 203.47607729891504
196 201.14278666350282
200 198.5782253364155
204 195.93140695990033
208 193.14884091891977
212 189.89407811618128
216 186.9626683166396
220 183.7429649931306
224 180.01734964052434
228 176.04587520500263
232 171.46160863904134
236 168.89024697912186
