72 189.81290158343563
76 192.2126593089685
80 195.30522937435853
84 197.94437139705664
88 200.28327827075412
92 202.3355057716434
96 204.40622349750873
100 206.19978997502622
104 207.86296861659324
108 209.28853702951
112 210.67564116813543
116 211.9024374896899
120 212.97840357469596
124 213.86905424561428
128 214.57434270872375
132 215.2233939532538
136 215.55296709438468
140 215.91311716227995
144 216.1505691010676
148 216.20080073385213
152 216.0822257331782
156 215.70974687489857
160 215.30359833767403
164 214.74529659247315
168 214.15540267106235
172 213.43975068659486
176 212.41448923443033
180 211.00178174475775
184 209.60561802670503
188 207.9038110631027
192 206.03384294765888
196 203.99184728415088
200 201.8295033895339
204 199.6033581568213
208 197.2518004440831
212 194.60456924808443
216 191.57678720303898
220 188.3971506161094
224 185.44581558164577
228 182.12798779535143
232 178.3988178898378
236 174.51930688988003
240 170.6819462502433
