76 192.0218700896449
80 194.70112033562634
84 197.51249737527215
88 199.99203356513232
92 202.1192049598954
96 204.10386571280173
100 205.88986570458422
104 207.48126594246767
108 208.99592895127086
112 210.6463156961948
116 211.87035285975983
120 212.93241667213374
124 213.60480901051068
128 214.22811745399218
132 214.7876684087327
136 215.22428141510127
140 215.62418654894816
144 215.8589984592494
148 215.92420639526435
152 215.77102909126506
156 215.46852964349011
160 214.94957741312444
164 214.4153718480603
168 213.7316112950375
172 212.9198314077749
176 211.80480547258816
180 210.61013635167515
184 209.11137513667245
188 207.56188953485548
192 205.757504738765
196 203.86391880104526
200 201.64531587469952
204 199.237746593646
208 196.66991590591402
212 194.07755119820047
216 191.38210267008623
220 188.57963932277525
224 185.61162086110448
228 182.32605771287376
232 178.25238615131096
236 173.94424166943008
240 170.41582471055278
244 168.2784818216373
