64 191.31829696654194
68 193.45859154767302
72 195.9315053381569
76 198.43418386129335
80 200.57912341758058
84 202.8892757161654
88 204.9928814495941
92 206.99167310495102
96 208.81342020752982
100 210.47127882500308
104 211.99037218100062
108 213.09766362666667
112 214.1513447127799
116 214.87555185175003
120 215.56922984288585
124 216.09329417269376
128 216.6264775494566
132 217.10376213644918
136 217.49609428811854
140 217.68418887727586
144 217.53524061987926
148 217.05375951255087
152 216.5679266491945
156 216.04085215452017
160 215.46214965921388
164 214.76189421174604
168 213.69089874320474
172 212.58403108075657
176 211.19194889475204
180 209.48592453793532
184 207.71049490382637
188 205.6452490580443
192 203.38075909065205
196 200.90693763948
200 198.3149806041484
204 195.55693977574163
208 192.9534808967905
212 190.06100726700566
216 187.0180433668928
220 183.8138000167811
224 180.49021087865452
228 176.3953270748729
232 172.02882344472226
