64 188.45672359241956
68 191.47208229148475
72 194.45429659577587
76 197.38986808398812
80 199.8664322536102
84 202.23571974422237
88 204.34361831489645
92 206.23704175445985
96 207.97233283452465
100 209.4920360891778
104 210.91992059462643
108 212.08225622206214
112 213.2945225977016
116 214.3876530000272
120 215.15512491473348
124 215.6719359481126
128 215.95587156979198
132 216.29786450468188
136 216.51316658485862
140 216.62053285850294
144 216.6242136724654
148 216.46851250391052
152 216.0721665865844
156 215.5730473289824
160 214.9775900860941
164 214.1844308563838
168 213.10362381813377
172 212.0937343952138
176 210.80677439550215
180 209.1453347635562
184 207.30967983342433
188 205.32795461257695
192 203.22963634719312
196 200.9781493147219
200 198.58327674498776
204 196.0429961523028
208 193.22141271094875
212 190.14838269804926
216 187.01984193965683
220 183.66865647709193
224 180.31533293195383
228 176.25064957136357
232 171.6358009706779
