68 191.63789326138726
72 195.353615676372
76 198.06350256070343
80 200.30033252878422
84 202.5232784642631
88 204.5704599262759
92 206.52111233381842
96 208.27662306181625
100 209.7835962085199
104 211.27899965537262
108 212.65706771855776
112 213.77737437445353
116 214.71967080563957
120 215.34654358138133
124 215.9758736436607
128 216.48214188796098
132 216.80911311289486
136 216.96820932949325
140 217.07126437504084
144 217.01980058303752
148 216.6038653868078
152 216.29191949167395
156 215.77708956004582
160 215.1976458353174
164 214.53502108542546
168 213.7000882275249
172 212.58903731971168
176 211.25776138259548
180 209.6247734499833
184 207.7986394825903
188 205.73411110327936
192 203.62700430719318
196 201.30732976516208
200 198.8904416715508
204 196.4116721004482
208 193.64695043986882
212 190.54754263417516
216 187.24432410477294
220 183.9062342888637
224 180.46995994212256
228 176.36986561893747
232 172.1176394408197
236 169.29838439581988
