64 189.03623090882638
68 191.3067832108065
72 194.01730936399767
76 196.5161208186323
80 199.05127751232084
84 201.62693631524468
88 203.85931895745256
92 205.83799714130933
96 207.55533041140285
100 209.0004775155786
104 210.42610321316482
108 211.75978262571786
112 212.9484542761008
116 213.88909178581864
120 214.55606981412242
124 215.06104631736775
128 215.56632891715864
132 215.92655553213893
136 216.1664887722073
140 216.31034365094087
144 216.2578076267846
148 215.89139739102723
152 215.48745800086385
156 215.07226096191127
160 214.49507114857715
164 213.72451025587588
168 212.72281247828073
172 211.67690854889545
176 210.40557690444993
180 208.81418410645347
184 207.1244380482871
188 205.05324264946088
192 202.89898919616553
196 200.57701995728436
200 198.159047826706
204 195.5097785191174
208 192.55386748497963
212 189.39335706176706
216 186.21876837291163
220 183.07895409988333
224 179.7178845130208
228 175.70518569723026
232 171.10037376128696
236 168.646230855
