68 191.99599064720417
72 194.97394187726042
76 197.7684959622735
80 200.19980476229347
84 202.41981645864092
88 204.42132371139354
92 206.39403977526928
96 208.2533948118666
100 209.86579641951772
104 211.3538094793392
108 212.56020908569187
112 213.68286527818486
116 214.5974964491273
120 215.32902285750274
124 215.90015676955178
128 216.13978098095768
132 216.38575301302143
136 216.5192492408985
140 216.6040517683196
144 216.62562091911764
148 216.57794449664536
152 216.3228712819419
156 215.70199739880786
160 215.0392080128595
164 214.16885496646117
168 213.13640613519516
172 212.15355811689207
176 210.85519251707478
180 209.31253708049877
184 207.55194927706648
188 205.54466292906767
192 203.47623339169803
196 201.21706048536203
200 198.78438102889632
204 196.14126463047188
208 193.28535272395072
212 190.31067672009578
216 187.12653636242925
220 183.8557160287299
224 180.22468330345035
228 176.40666987542585
232 171.7560944535202
