68 192.66214412389027
72 195.3030488982126
76 198.203909553306
80 200.49474001649315
84 202.67006872498
88 204.86405519639354
92 206.90471055785991
96 208.7992405368277
100 210.47039320587308
104 211.984722230137
108 213.1969165576581
112 214.21037405342025
116 215.05104178701617
120 215.81907219192112
124 216.41783626342811
128 216.9998035059494
132 217.37562282228765
136 217.7427709746391
144 217.76281049963012
148 217.41351791234172
152 216.78504434911738
156 216.17052010816423
160 215.52792772686098
164 214.8552705102913
172 212.93283551158888
176 211.63580406785906
184 208.0677016406305
188 205.92316859771205
192 203.84883376023842
196 201.60517707584336
200 199.07679143792657
204 196.29213306162032
208 193.4266271436865
212 190.56758781823058
216 187.5668521900667
220 184.15023326706185
224 180.4800265623693
228 176.66420722067866
232 171.99813246388584
