64 191.00827823804045
68 193.29868035547702
72 195.79060446830982
76 198.3778108861326
80 200.6042305380811
84 202.9839061569885
88 205.2504855253124
92 207.17104498459952
96 208.89701144482385
100 210.46690024777865
104 211.92712156425324
108 213.1571478587386
112 214.31924414757367
116 215.2294368700106
120 215.86655326002094
124 216.2024363408342
128 216.82089977860764
132 217.2619499556362
136 217.7370182341321
148 217.482053569404
152 216.81511937231397
156 216.1687388712844
160 215.4045678572859
164 214.80186139783802
172 212.80791589317735
176 211.38546851392195
180 209.70692101281801
184 207.94671437386407
188 205.96105376483675
192 203.86652946469803
196 201.60134926313472
200 198.9806855968169
204 196.23906596770053
208 193.53189111258197
212 190.7264986796584
216 187.617364679637
220 184.2950704822806
224 180.7324978796957
228 177.3253180032931
232 173.27448434815165
