68 192.34818839823174
72 195.2953169828932
76 197.99911739551447
80 200.3110799323344
84 202.7105410497056
88 204.7510064577229
92 206.74155422847997
96 208.49557926646037
100 210.26895255858298
104 211.6012500157813
108 212.94989662823232
112 214.154486470565
116 215.02123844425677
120 215.64003677313545
124 216.12680856133883
128 216.62816977238018
132 216.99048938473135
136 217.25679973569146
140 217.40354571573369
144 217.2442746119248
148 216.81898181638454
152 216.3268987380715
156 215.7327517922363
160 215.2451765851896
164 214.58558099471992
168 213.6204938009419
172 212.53197576135395
176 211.13521649463223
180 209.43439635593373
184 207.61335561713366
188 205.7133309369497
192 203.71817823127404
196 201.38721253240357
200 198.82066558767798
204 196.01910163696027
208 193.0991915752795
212 190.0524070833751
216 186.89553211317914
220 183.43919092719665
224 179.8144239486655
228 176.54310859830218
232 171.6065775106677
