64 188.77724537727858
68 191.43992080020502
72 193.765176051467
76 195.95465496512355
80 198.26040247211972
84 200.6863961082512
88 202.98276717780394
92 204.9027813081533
96 206.6902032868534
100 208.33027085372478
104 209.8981372376103
108 211.19632796400595
112 212.22564644102252
116 213.19852322340364
124 214.78247840723085
128 215.23618276161875
132 215.57400735910898
136 215.88602556663574
140 215.9711595864038
144 215.90028444438428
148 215.69234709797175
152 215.26708993478903
156 214.77133133013578
164 213.22413812486877
168 212.21186305882662
172 211.06314942772394
176 209.75534755191438
180 208.20810473153642
184 206.4335305643474
188 204.51558841242408
192 202.39228990394207
196 200.07100938168986
200 197.58326842243088
204 194.98555112361595
208 192.11733486198676
212 189.18078203707358
216 186.05469069360578
220 182.6540053116512
224 179.04732707144692
228 175.53033907484817
232 170.90168119026464
236 168.14092201826827
