64 188.67954731491494
68 191.2804548176676
72 193.83625515597825
76 196.34777121807906
80 198.857369611107
84 201.2949464425751
88 203.246843539916
92 205.05477504507058
96 206.98962205611141
100 208.8106149711078
104 210.32457181072485
108 211.46972975030087
112 212.6062263919555
116 213.53005008123642
120 214.4155484991
124 215.0075142854779
128 215.5181261600409
132 215.8883675237479
136 216.17178627031433
140 216.3505716472132
144 216.32384923592616
148 216.04348419113023
152 215.5252459975854
156 215.12540470797887
160 214.61719374813273
164 213.783473353465
168 212.72129580529696
172 211.6794099401825
176 210.47347255663172
180 209.00416896981415
184 207.2937517631827
188 205.3000454379719
192 203.17658133851432
196 200.8546592500815
200 198.42244545361004
204 195.69490241122656
208 192.82646484078333
212 189.8206136171932
216 186.86726604537412
220 183.63430450607376
224 180.22863418223687
228 176.4847895553458
232 171.69190895684414
236 168.64161172790656
