64 188.43037278015822
68 190.63029282459158
72 192.9723627245961
76 195.37589585601276
80 197.97904545861368
84 200.3657912134442
88 202.63693439844477
92 204.5613706538275
96 206.3132727024696
100 208.01828520974868
104 209.7347773090219
108 211.16031162088177
112 212.10192503219554
116 212.8576752149146
120 213.51881876758208
124 214.22238385642174
128 214.8567254906148
132 215.340788773469
136 215.75798300403287
140 215.79540608882263
144 215.73707333372718
148 215.53549963707133
152 215.21960789743383
156 214.71227760535808
164 213.34176289496367
168 212.2084508752509
172 210.9281304907912
176 209.676726789002
180 208.26002948547017
184 206.60906585993354
188 204.73331319901285
192 202.8049566994212
196 200.5735400171808
200 198.33569624758482
204 195.99743192349803
208 193.21378902312756
212 190.104548181062
216 186.90480048957593
220 183.47258346924826
224 179.77909647081634
228 175.9742703131173
232 171.70987973097914
236 168.42686699327487
