64 188.20407209055128
68 190.9034048954821
72 193.74986509817154
76 196.37716070218642
80 198.779138242631
84 201.08325591620036
88 203.10857764082826
92 204.87107165806088
96 206.61540447258406
100 208.43533374696457
104 210.1405083390725
108 211.35893075894631
112 212.34074841352398
116 213.27145005365196
120 214.19009593992104
124 214.87124334304025
128 215.3227020786218
132 215.60981685701168
136 215.92086969388657
140 216.0025050021888
144 215.90603042366945
148 215.73021803772218
152 215.34234500275448
156 214.77787118117635
160 214.1348750916388
164 213.37655552539678
168 212.38315531772432
172 211.1925625111045
176 209.88541188988393
180 208.28134965998342
184 206.4286071635499
188 204.55307395647003
192 202.58365967586454
196 200.27386334472146
200 197.8929917530505
204 195.37157076216016
208 192.5177818001483
212 189.48268912828945
216 186.32781186655336
220 182.93081505363347
224 179.0406763753032
228 175.48567332836444
232 171.4652551977514
236 169.14377598449
