64 188.43810533777548
68 190.84210266838068
72 193.42365523221528
76 195.74057055268503
80 198.07622616952762
84 200.5244870585922
88 202.76043358243876
92 204.69000083904575
96 206.52016439353707
100 208.23601839258018
104 209.73902051235234
108 210.88901063234488
112 212.08776295056506
116 213.05225607979958
120 213.88771288737377
124 214.61340013763316
128 215.16232129844852
132 215.59492283812097
136 215.89824726378936
140 215.9506439131799
144 215.83401868248558
148 215.54994879839035
152 215.22333901956708
156 214.667094857782
164 213.279632790615
168 212.1577056431575
172 211.03259094086323
176 209.7201182344363
180 208.286119167958
184 206.72129694424962
188 204.70002864584666
192 202.59118683666017
196 200.35847362906188
200 197.94182022947976
204 195.32221145843164
208 192.5498314227689
212 189.63888186245947
216 186.42862690940933
220 183.2757992013969
224 179.8382040324704
228 176.20538661908074
232 171.2530052800252
236 168.1890224660829
