64 189.314620228864
68 191.6068010059689
72 194.2256904324753
76 196.8055914832891
80 199.31498478626182
84 201.67991956268753
88 203.79684572868547
92 205.74675689954734
96 207.55214123375646
100 209.12367291806564
104 210.66195849081822
108 211.96703485662522
112 213.10724831376228
116 213.85024710381484
120 214.63482237932223
124 215.2444388505586
128 215.8171897302276
132 216.07741097805024
136 216.3828340039681
140 216.55048521771184
144 216.49023965259917
148 216.43278898268386
152 216.1085129384462
156 215.7159436081566
160 215.11975421562792
164 214.2592942032684
168 213.2105566432829
172 212.15939941853543
176 210.87027426114759
180 209.20184383148802
184 207.39194466143996
188 205.3757347951933
192 203.44735634801003
196 201.28605141280593
200 198.72849998345038
204 195.96912854393662
208 193.28764247494885
212 190.38384214215768
216 187.33557852405787
220 183.95110992732782
224 180.51487960728258
228 176.67356282540382
232 172.3150410901906
236 168.98406604088188
