64 188.29242165970732
68 190.78358084972223
72 193.6158277415858
76 196.21179681037864
80 198.5853321804254
84 200.8751830124483
88 202.9589107387393
92 204.9133561156888
96 206.6216156567955
100 208.36268860381264
108 211.32802395608363
112 212.49913351413258
116 213.41409506890008
120 214.21262272662293
124 214.81126125219333
128 215.2131286397194
132 215.5505527552471
136 215.9233328097053
140 215.96929843942766
144 215.90949922335318
148 215.70078128617695
152 215.3284074258427
156 214.71433834238894
160 214.0535890737707
164 213.32882625990936
168 212.31071614865044
172 211.1302234500434
176 209.87023102080812
180 208.521730710039
184 206.87278391997643
188 205.09804295936996
192 203.07641420875711
196 200.75934436597296
200 198.41068861539583
204 195.811801296724
208 192.97668081530497
212 189.76784342118378
216 186.57440226831702
220 183.2957926144398
224 179.72067140442363
228 176.15472869359374
232 171.45278003905946
236 169.1376696996508
