64 189.33327613708252
68 191.59268247486744
72 194.08808018837988
76 196.56266659608823
80 198.91441258942282
84 201.33627911882724
88 203.53813921854635
92 205.4619646575257
96 207.2969327863051
100 208.86502886382402
104 210.35690469647574
108 211.49592758407624
112 212.72978652069486
116 213.72992998303357
120 214.59600132327813
124 215.0154691877561
128 215.42804210920156
132 215.8766922595109
136 216.13198057505264
140 216.23474139908348
144 216.19510893153216
148 215.95478883867239
152 215.47386175241513
156 214.97937199985583
160 214.43596727859386
164 213.6618772390023
168 212.7502026351836
172 211.8109008431774
176 210.5815609536177
180 208.8952237967747
184 207.12587328589706
188 205.17700380060057
192 203.11815405169267
196 200.58660236058518
200 198.00479192129848
204 195.42824032033113
208 192.69634853279751
212 189.63159527030683
216 186.47880191909528
220 183.29479410462022
224 179.75275782757416
228 175.95747263399358
232 171.50128460762443
236 168.71816549426956
