64 189.14450964766309
68 191.5518198119736
72 194.51382376609098
76 197.07422246958896
80 199.61048824556056
84 202.01102998949528
88 204.1242801755494
92 205.89093578578718
96 207.6755688160569
100 209.1428849851926
104 210.57119163370893
108 211.76980748490033
112 212.97464899334423
120 214.98398189935637
124 215.52144535575462
128 215.8784553965429
132 216.2377891455133
136 216.4645481254712
140 216.47708634681894
144 216.48917308328828
148 216.36767040692501
152 216.03317266324171
156 215.52469606103838
160 214.9530436842707
164 214.1701203654843
168 213.2186894293181
172 212.08763537613564
176 210.8449680266864
180 209.2129747761236
184 207.52531211974647
188 205.51454489973088
192 203.49659716921948
196 201.13943119342167
200 198.62081876686622
204 196.01823878629466
208 193.2617289185387
212 190.38924665230655
216 187.25676396653483
220 183.74065278127196
224 180.05120684352607
228 176.12230916509185
232 171.87899382534584
236 168.69159103727895
