64 189.33299407944412
68 191.8537108809982
72 194.5846337126569
76 197.1434946629113
80 199.45980167254905
84 201.7016897082243
88 203.9718696730257
92 206.05799931860793
96 207.8433602639289
100 209.27684915774572
104 210.81045048525812
108 212.08555260348317
112 213.14181647218052
116 214.22693533733184
120 215.0110141260782
124 215.42766216411206
128 215.7697017172948
132 216.16695152306679
136 216.39812732651217
140 216.512712526496
144 216.46621265212633
148 216.31469275568355
152 215.82852872005134
156 215.26536097180886
160 214.60305482487342
164 213.77920769588042
168 212.8383460695535
172 211.89310522925922
176 210.60265325692427
180 209.11747980898832
184 207.28520041621198
188 205.4359722277606
192 203.35999101995083
196 200.95731961977543
200 198.27798937270686
204 195.53616302666077
208 192.55109750098387
212 189.54953177823347
216 186.4028574831022
220 183.03510423327236
224 179.6228348516413
228 175.29978401426263
232 171.11183460235026
236 168.91325488984975
