64 186.6907529332737
68 188.92489287001177
72 191.84652829973192
76 194.90296442078167
80 197.62106872295192
84 200.2384509925699
88 202.40128804964417
92 204.39020291000702
96 206.05767399198814
100 207.62495168375426
104 208.9427282171381
108 210.12640143696288
112 211.27547257681346
116 212.1985945916832
120 213.19746145816663
124 213.78187751916687
128 214.15847707508567
132 214.44817041381782
136 214.56425069258825
140 214.58463284206346
144 214.56014443260153
148 214.41282046262847
152 214.21993650499684
160 213.26532176891794
164 212.52998466492602
168 211.57878921763012
172 210.49638623933774
176 209.07274307201897
180 207.59901556530002
184 205.82076607744276
188 203.89988325993977
192 201.75016666321758
196 199.39858204149863
200 196.89895118994812
204 194.16732400103427
208 191.43108630405237
212 188.64034340106093
216 185.59935666008056
220 182.45047570405632
224 178.69822665613364
228 174.7840462051602
232 170.8559419525725
236 167.91889989609783
