64 187.67984598229248
68 189.78038073103286
72 192.45920144690987
76 195.17091653222366
80 197.83280307894447
84 200.23255216168178
88 202.34071674602106
92 204.2659102709719
96 206.08709483524618
100 207.76190868216904
104 209.4674777663958
108 210.7474878061141
112 211.81553810986887
116 212.6060983828866
120 213.29024292983559
128 214.58955646703578
132 215.02462553263808
136 215.4327147741398
140 215.53453806558568
144 215.40985118653265
148 215.15349799536864
152 214.7226695203629
156 214.22721304974453
160 213.6057147944175
164 212.8583081321235
168 211.93445214641503
172 210.87365230112403
176 209.54770452360873
180 208.0532511972334
184 206.3237603905544
188 204.23365858998497
192 202.1059285656509
196 199.91183095057931
200 197.48969114591912
204 194.78402315832136
208 191.960370133291
212 189.036174405797
216 185.81687409608847
220 182.7766403202553
224 179.07326583702937
228 175.02572788489707
232 171.10330714455296
236 167.43003651745627
