64 187.0994191626661
68 189.81280739582678
72 192.8285535941539
76 195.22423687671494
80 197.42427665641156
84 199.8139260316791
88 202.1239094022509
92 204.18967399159425
96 206.06409585372137
100 207.71984902371665
104 209.21708551100355
108 210.54747285868393
112 211.72266253203097
116 212.5181656458036
120 213.25346339508835
124 213.79548733671095
128 214.25545990624755
132 214.51148054218788
136 214.57380696101228
140 214.52548797511463
144 214.59963570344127
148 214.50613761038358
152 214.29960683098867
160 213.35107386505493
164 212.56186693534036
168 211.5420273574252
172 210.3476084394974
176 208.98011044262313
180 207.413626919805
184 205.66508041411257
188 203.81684792721185
192 201.8051225711749
196 199.53610674167294
200 197.0494632945996
204 194.39736951449396
208 191.60499910733694
212 188.69930613554936
216 185.4956684909253
220 181.94189220981582
224 178.35362995973816
228 174.94340225841816
232 171.2452489963259
236 168.3103173689969
