64 187.09603315631523
68 189.94110189265928
72 192.7190972046253
76 195.3687753168133
80 197.95110158486736
84 200.34295399974204
88 202.5361448828429
92 204.442616790255
96 206.13972202413973
100 207.69086318358035
104 208.9649025853798
112 211.27492352076365
116 212.25785760273365
120 213.23478371726912
124 213.80080563951003
128 214.27467233354704
132 214.6307020324204
136 214.79351484390244
140 214.80880189743004
144 214.74537908656458
148 214.61441924749758
152 214.30911728697595
160 213.37564336275915
164 212.68957280338557
168 211.76240824900245
172 210.57545404951793
176 209.1066713410468
180 207.57016295050877
184 205.80976813233823
188 203.88646497470438
192 201.85689656119703
196 199.5352186884061
200 197.08829079102642
204 194.42850682907186
208 191.51641407568425
212 188.48845338198157
216 185.49710145924496
220 182.33357612773926
224 178.44691389529615
228 174.89544868824277
232 171.19500189579645
236 168.2664554221131
