64 189.1893127394895
68 192.01529547985047
72 194.4771945740691
76 196.93098321844334
80 199.45807269780278
84 201.95600921700108
88 203.9614050175351
92 205.75930566524835
96 207.5141814645512
100 209.12459361820848
104 210.61555830134017
108 211.91820170446462
112 212.99311524535406
120 214.82187960358732
124 215.29314831571065
128 215.60754994934248
132 216.04262507847878
136 216.43445689467677
140 216.514076757571
144 216.57199777052176
148 216.30241147685192
152 215.83115316616045
156 215.39265807902464
160 214.66044182651407
164 213.77733414694262
168 212.82264813331824
172 211.67886492935259
176 210.32132094108488
180 208.63090379466118
184 206.73957993532497
188 204.9276459628299
192 202.87995595028664
196 200.74669257626994
200 198.12749802367324
204 195.42044787350108
208 192.8180061047113
212 189.87867346568737
216 186.54304735905708
220 182.61588986973695
224 178.779853370299
228 175.089745654784
232 171.47864450401386
