64 188.71214208923539
68 191.10905591805755
72 193.3198136649194
76 195.66355610717605
80 198.12870247337628
84 200.48139804957015
88 202.78958655872512
92 204.7427226791428
96 206.57561486002498
100 208.3268007857745
104 209.72982338301375
108 210.95634083599026
112 212.1360859395038
116 213.10024429590385
124 214.75074031375624
128 215.25493704772848
132 215.5798443081929
136 215.83194395777235
140 215.9575869431176
144 215.9045992233603
148 215.72439787328184
152 215.34864144926217
156 214.81461455745185
160 214.2709200035709
164 213.55986342743714
168 212.5477662448172
172 211.25381577921974
180 208.60031729937253
184 206.91926707583536
188 205.07252871850437
192 203.22213250772955
196 201.02138563701263
200 198.52472151256597
204 195.868766170944
208 193.23939631533744
212 190.37135181810066
216 187.10194993176236
220 183.74756961434622
224 180.00751308430466
228 175.81699716292582
232 172.11874973963103
236 169.00952969122594
