64 187.61817601946902
68 190.3499891611031
72 193.0123416956405
76 195.55641219543872
80 198.18199640759462
84 200.54943191596908
88 202.5090372542026
92 204.38816053964348
96 206.17630970936193
100 207.8307063440547
104 209.23410262404792
108 210.4447811961362
112 211.5182131988704
116 212.5223218290757
120 213.22464487484945
124 213.77837608847503
128 214.19372684004912
132 214.44207142988563
136 214.48014653666675
140 214.45452499686542
144 214.41332991544445
148 214.3207043357595
156 213.5146625387676
160 212.89199049459575
164 212.1454548356214
168 211.13852394915767
172 209.86392519509178
176 208.49959998241022
180 206.84725419359899
184 205.07212587027036
188 203.4057481724832
192 201.573025173643
196 199.30936876434205
200 196.68346912347477
204 193.91689693047633
208 190.96063509645603
212 187.91666760902362
216 184.75310466282178
220 181.36376296999504
224 177.68222898946993
228 173.92834732322282
232 169.71922497506753
236 166.49571685646004
