64 188.02036446583287
68 190.43695204560265
72 193.0183266479857
76 195.45411775010587
80 198.10220916976974
84 200.47249113116206
88 202.6499186327771
92 204.56989229304435
96 206.4013192853376
100 208.0168130289384
104 209.46105715907026
108 210.80261332398936
112 212.1126147586371
116 213.1013818474349
120 213.80184148760355
124 214.26518904181782
128 214.7477096691288
132 215.25508710004465
136 215.68858264902383
140 215.81173869093803
144 215.75868629862885
148 215.51737197194035
152 215.10315655026162
156 214.50505382417435
164 213.34907874583863
168 212.3207422210607
172 210.98237439733418
176 209.65959027007403
180 208.1325994171421
184 206.40053444207228
188 204.5391641881285
192 202.4231868944114
196 200.18994222982735
200 197.91101273355142
204 195.48774543945345
208 192.64175304537392
212 189.73095830470453
216 186.81940898256806
220 183.5396624437439
224 179.73511233535174
228 175.63852074133672
232 171.77794483021069
236 167.83524985920297
