64 188.9885010089859
68 191.67257964031853
72 194.34400269656575
76 196.82906486887822
80 199.2689631343375
84 201.616680980828
88 203.80516130319904
92 205.71998840825322
96 207.3157869831213
100 208.90682632573103
104 210.36224478194032
108 211.52693430422477
112 212.71289747561008
116 213.6822506958056
120 214.5792680391237
124 215.16166827196875
128 215.52993405524512
132 215.8367850582153
136 216.15940233264885
140 216.15497783619583
144 216.20264817098268
148 215.8861064723423
152 215.5232201548085
156 214.9400484460127
160 214.24296378889875
164 213.42390217015745
168 212.4572251162175
172 211.4073160413922
176 210.09210053495622
180 208.54467599546948
184 206.75603276939088
188 204.90195456973555
192 202.7923102125962
196 200.39402813983907
200 197.99252638380162
204 195.46996653035336
208 192.6765858567993
212 189.4964255851808
216 186.16841022235545
220 182.7569406051179
224 179.17528749077337
228 175.24126909864043
232 171.1690678363679
