64 188.9664415363141
68 191.75749112374484
72 194.24336477800568
76 196.85797112334257
80 199.2619111731517
84 201.58233804060927
88 203.72628351708298
92 205.51968182822358
96 207.3883942140727
100 209.06463446427185
104 210.58824017979418
108 211.82145259907062
112 213.00912576878414
116 213.87490436369262
120 214.66649461179213
124 215.16791755154858
128 215.63497638471523
132 216.0321684880643
136 216.2603593970549
140 216.38195915502905
144 216.3316680664255
148 216.07606632482563
152 215.58997996892214
156 215.31818925378116
160 214.81470682782333
168 212.93570840300168
172 211.76084008377885
176 210.3288640487732
180 208.7431788906028
184 207.09208112726782
188 205.1026494558813
192 202.90000249566538
196 200.3654657293366
200 197.90631254549152
204 195.49717658149862
208 193.14864456847465
212 190.0408035103476
216 186.67661494566462
220 183.5690262708519
224 180.3708951052821
228 177.19853164692722
232 173.45696751089042
