64 189.2250696950576
68 191.95515900278752
72 194.44740543111365
76 196.92340860981537
80 199.35569447724637
84 201.89312989221426
88 204.0724544106225
92 205.80865288223723
96 207.40199303579527
100 209.18526116527008
104 210.7940560252746
108 212.14008595230786
112 213.18672276035144
116 214.1001449549298
120 214.85751796761045
124 215.35450265897475
128 215.75259980920367
132 216.00463770414157
136 216.30142548111667
140 216.49973560729623
144 216.47597036234788
148 216.23854033076336
152 215.87165709014022
156 215.30221906360381
160 214.58966600872733
164 213.86601382361957
168 212.77861491255442
172 211.7030867039444
176 210.49416709290372
180 208.85779833137786
184 207.02295537339813
188 205.1359660540329
192 203.1048316024383
196 200.8864516514309
200 198.24217479838862
204 195.59240118235334
208 192.96170463516006
212 189.82931978363212
216 186.58336644767328
220 183.34967607446822
224 179.83864272651084
228 175.9762169222284
232 171.59002886689163
