64 188.07609256426827
68 191.00717362390682
72 193.83084576741177
76 196.54559782132935
80 198.8571943411364
84 201.13408727552905
88 203.2867998621453
92 205.21774944380326
96 207.00787025306028
100 208.70148817830054
104 210.20765944419807
108 211.35959969518166
112 212.47600820575866
116 213.32517274603396
120 214.18827408982943
124 214.9306551174417
128 215.50587983325485
132 215.72296698841362
136 215.88324266885905
140 215.90316991619287
144 215.8170930726583
148 215.60653919282822
152 215.3011688796214
156 214.77642191640103
164 213.26375220429128
168 212.38352757820897
172 211.16077740654336
176 209.70192265603697
180 208.0607607145965
184 206.2983509112455
188 204.54223327504965
192 202.60357442091856
196 200.1904050058199
200 197.72935828622343
204 195.21251366341798
208 192.4142606177233
212 189.42351946019107
216 186.08273805742863
220 182.50125870891617
224 178.45766288558877
228 174.51341871489296
232 170.81146298770796
