64 188.4053846806974
68 191.43000212886946
72 194.2752289745223
76 196.91824589499998
80 199.54003094363446
84 202.0079372644095
88 204.14757972472933
92 205.8937433097471
96 207.57265239018574
100 209.11009611574045
104 210.62275519450264
108 211.96057004909454
112 213.01116078553582
116 213.8209732854249
120 214.5742493464333
124 215.0824237468152
128 215.56004322162443
132 215.95946473331765
136 216.3073983820806
140 216.4531130132708
144 216.45557441570375
148 216.13110667333865
152 215.75091126193067
156 215.29194082805455
160 214.5722232406297
164 213.78451561624425
168 212.95274509637056
172 211.88818757830396
176 210.4494929618672
180 208.73660369733932
184 206.89404100440947
188 205.0234091114174
192 203.10015899284872
196 200.85141451071183
200 198.10138950939643
204 195.39052735074551
208 192.84152558056374
212 189.91067065552943
216 186.70206192481203
220 183.51438563832917
224 180.39716915220762
228 176.72956345936797
232 172.7757488467227
