64 189.4994158702672
68 192.61184331480723
72 195.51364770966336
76 198.05658182897622
80 200.3605661195212
84 202.663735423486
88 204.76476302420593
92 206.70367347615766
96 208.34970786193847
100 209.89728865591363
104 211.27286383405203
108 212.53981382065894
112 213.42335708443315
116 214.272571932457
120 214.99223741884055
124 215.48646050952385
128 215.94055246217002
132 216.27604392907878
136 216.47634319127226
140 216.58848465818988
144 216.58598804074495
148 216.38953891473778
152 215.99477847727763
156 215.54817446765236
160 214.983232296528
168 213.12696520608264
172 211.98342724450617
176 210.54762927991976
180 208.91999636911729
184 207.12074637257544
188 205.18239800866402
192 203.182229135533
196 200.7315303525116
200 198.2248086206332
204 195.70053743548027
208 192.94225017840276
212 189.9786983731056
216 186.72663737829913
220 183.27482315383008
224 179.62707027486493
228 175.8352316125723
232 172.02563594335524
