64 188.67834227595625
68 191.7512841270792
72 194.90147203992098
76 197.618395291125
80 200.09832058364356
84 202.45904129664768
88 204.51925736466063
92 206.39730482481312
96 208.12696849211514
100 209.6165458810275
104 211.06883437360926
108 212.37603461104433
112 213.52781424830442
116 214.36995771871239
120 215.07632184394768
124 215.71804299283806
128 216.08743779323706
132 216.38479955225276
136 216.5880846242679
140 216.64773268248467
144 216.6195820900451
148 216.40324149411487
152 216.0136671425674
156 215.5436262096396
160 214.96823486313266
164 214.19319900611325
168 213.2648466779554
172 212.14851869894215
176 210.69868769233375
180 209.07373820080056
184 207.3653274341948
188 205.4542457988444
192 203.37828572568176
196 201.16195846393225
200 198.72768444880575
204 195.99283656007748
208 193.12282394112538
212 190.24420125767438
216 187.16276334503794
220 183.8974607426165
224 180.22426028082435
228 176.2340158508427
232 172.422176373568
