64 189.87142465249246
68 192.85035554152128
72 195.6828135423471
76 198.21197803196145
80 200.51238180973763
84 202.77786565413146
88 204.95213268254716
92 206.9304236113494
96 208.72019833721328
100 210.21597697564079
104 211.5050927330222
108 212.76920129701497
116 214.75859938253515
120 215.40406516774271
124 216.01293443892519
128 216.30811153177734
132 216.7267429600214
136 217.00840162910927
140 217.14797772437447
144 216.9350177997789
148 216.67261680825928
152 216.27861256828544
156 215.7110808967086
160 215.13100484812455
164 214.29418582020486
168 213.30155077810642
172 212.2344689202644
176 211.02887387624656
180 209.31806071369687
184 207.56065605487595
188 205.58508406927078
192 203.5476207999168
196 201.12526765842534
200 198.5883950065031
204 195.9398275702364
208 193.09710381066978
212 189.95046103690132
216 186.58198265924602
220 183.10820846245431
224 179.5471265989629
228 175.7094982472721
232 172.21420507646314
