64 189.04296978017402
68 192.02903077357152
72 194.69015602067228
76 197.30062183963094
80 199.82855804191217
84 202.24638304587947
88 204.3937922569302
92 206.18312076999518
96 207.90090365457397
100 209.3794988954182
104 210.88649428515038
108 212.09197917382275
112 213.23662528301907
120 214.79936970587468
124 215.3175311290978
128 215.80674566798922
132 216.16609047546865
136 216.47584443161003
140 216.56504553622563
144 216.46569731055007
148 216.27312943212758
152 215.85282928190958
156 215.43721605418006
160 214.86124545526695
168 212.8091910731237
172 211.71463802574712
176 210.53877658994313
180 209.03104448777165
184 207.35078066411938
188 205.35062035223697
192 203.31269545342477
196 200.8272821584756
200 198.13628928278564
204 195.57757034210007
208 192.89992926785453
212 189.96948643771177
216 186.5862857342973
220 183.18170751712228
224 179.8281646325712
228 176.38266172971683
232 172.43590204277757
