60 188.57715494124795
64 190.35257444631554
68 193.0061447105197
72 195.69719433991946
76 198.21306816652273
80 200.51889741805596
84 202.83441733352703
88 204.8077046385684
92 206.77597390664215
96 208.53553121882544
100 210.21953605979232
104 211.62706988986852
108 212.88839130298123
112 213.89824946343498
116 214.90982672869762
120 215.51309822392264
124 216.04754689871552
128 216.3058263133613
132 216.6657245122233
136 216.94139012431972
140 216.98600486637952
144 216.93925616531334
148 216.62452278945432
152 216.29045188942646
156 215.82342410012527
160 215.30455442260956
164 214.46800581935196
168 213.51088251735476
172 212.4524314702681
176 211.06644844454584
180 209.17409946557325
184 207.28631783159187
188 205.33629847720738
192 203.31593082480293
196 201.04620865811074
200 198.64668714875629
204 196.0923782144539
208 193.3353074458729
212 190.36073751731487
216 187.28605498308676
220 183.49661497650078
224 179.89362960807392
228 176.02312968390703
232 172.1080378982232
