64 189.16918415430817
68 192.19111701847106
72 194.998864607832
76 197.6399340388898
80 200.20821356627317
84 202.54721071541036
88 204.48925217993758
92 206.30256076352774
96 207.91091802630507
100 209.42705164889998
104 210.8777887690573
108 212.1066003358295
112 213.14177094565486
116 214.12516969145372
120 214.96432126828313
124 215.3354434799139
128 215.82860983967836
132 216.16084200768313
136 216.4154425839006
140 216.51669801158738
144 216.51024271382335
148 216.24879545618933
152 215.75547235396817
156 215.13587783268184
160 214.5497435807941
168 212.8383637439456
172 211.6017652632537
176 210.24323706291534
180 208.63669130409113
184 206.80058128762948
188 204.90248430375954
192 202.87676338256432
196 200.37981855274063
200 197.9344756328361
204 195.27941213870957
208 192.39982324526062
212 189.51170964886364
216 186.3253724903294
220 182.81596564026083
224 179.20656906408811
228 174.78154207842
232 170.95290717547255
