64 188.88187139571136
68 192.24756711990057
72 194.87169800439938
76 197.10282041430355
80 199.62598460603562
84 202.06416331314296
88 204.23633991320807
92 206.08468860056152
96 207.7478563170515
100 209.22670264632336
104 210.53377943773978
108 211.73684090384535
112 212.87170993869043
116 213.81503665930785
120 214.6272989951061
124 215.04227198908595
128 215.58312753038808
132 215.99803572862885
136 216.27798677782755
140 216.3535837002794
144 216.2886672460478
148 216.0630253878271
152 215.68335582327128
156 215.1843548341295
160 214.5172100216937
164 213.68584305465714
168 212.64894542073478
172 211.49648128099298
176 210.2272389892508
180 208.45357641223003
184 206.62206821401242
188 204.7678224909454
192 202.7011793657498
196 200.2653903592481
200 197.78460051817552
204 195.13112818096045
208 192.39692613957956
212 189.53943750209825
216 186.20777448403155
220 182.64144360481177
224 179.14226290322378
228 175.21242100546593
232 171.16815429158007
