60 187.553348561809
64 189.80056543479003
68 192.55225796094416
72 195.2885867806626
76 197.8781386385025
80 200.339958094941
84 202.57006429909438
88 204.6030972169251
92 206.54783471863766
96 208.33857912096352
104 211.35365545080862
108 212.3919013188906
112 213.28394174140783
116 214.11958620670188
120 214.8311429755537
124 215.4503429500419
128 216.0414070801371
132 216.384251264447
136 216.58620949545772
140 216.58117914139447
144 216.40810935958717
148 216.2658155136852
152 215.98308679505703
156 215.6450440021458
160 215.04727138855395
164 214.17737547258037
168 213.07815732396986
172 211.99701855329792
176 210.54842860542357
180 209.06872860996367
184 207.22023176035583
188 205.1602775041452
192 203.10939627289312
196 200.9814124437318
200 198.57378427966643
204 195.87893720653022
208 193.10576981501833
212 189.8461764638364
216 186.6032598664484
220 183.04347540310636
224 179.2763674483358
228 174.9071476418029
232 170.6815386883898
