60 187.2964342617094
64 189.9573044567511
68 192.51091321481488
72 194.93503593958053
76 197.35093002702232
80 199.81105315560825
84 202.10653394381177
88 204.26115545878466
92 206.2697404985536
96 208.0566493158636
100 209.6602092082483
104 211.0400408611989
108 212.1395002534158
112 213.2303207816823
120 214.80169761736948
124 215.303424474942
128 215.78565195481235
132 216.05889946627906
136 216.3190889770445
140 216.39855351782725
144 216.25072098344646
148 216.05931167442483
152 215.62013066942546
156 215.0490048200414
160 214.38198334152312
164 213.71421646448772
168 212.87706151117777
172 211.76832619214218
176 210.30634743174747
180 208.5719433756403
184 206.80241533533405
188 204.91961610018262
192 202.88096511328916
196 200.43308603419212
200 197.86989747011327
204 195.18083936928693
208 192.32075909892416
212 189.32860681729738
216 186.02945109886616
220 182.3931818103414
224 178.74936494272848
228 175.09391015686572
232 171.33130346333655
