60 186.74261199682297
64 189.4755612491341
68 192.52244679243472
72 195.31422882960078
76 197.8163622423368
80 200.2462715035669
84 202.66755625932797
88 204.77659817863415
92 206.7300779451249
96 208.39940291764447
100 210.05880062858665
104 211.3671869273729
108 212.35228789544988
112 213.28737114297292
116 214.10634347696876
120 214.83985605328508
124 215.31734568197544
128 215.86668137799762
132 216.20841538385014
136 216.42187789613357
140 216.50981682991306
144 216.41190323140077
148 216.1688792483918
152 215.84200686543718
156 215.4507102078855
160 214.93988897235187
168 213.00909922135332
172 211.93506231346097
176 210.58899888368182
180 208.9263356231614
184 206.99080196698296
188 205.0294941746651
192 202.9444922120411
196 200.50819352042703
200 197.86243671494526
204 195.36832540571248
208 192.82623708454238
212 189.6921478274034
216 186.29242189828372
220 182.7073095051429
224 178.9430069713411
228 174.86390341953756
232 171.11151600021634
