60 187.3750038210465
64 189.54443200590205
68 192.35155438374827
72 195.11191057176677
76 197.57556566795859
80 200.1475832580402
84 202.5082903190455
88 204.69848086418082
92 206.57533869055882
96 208.38800346022012
100 210.05850262350748
104 211.38004371910202
108 212.44999184102667
112 213.37162032898573
116 214.17878848099338
120 214.87852870426173
124 215.4527193496069
128 216.01004950126352
132 216.3809995557884
136 216.5480308014795
140 216.57771818355775
144 216.5340267528049
148 216.37295729276403
152 215.88924848988154
156 215.4019971404796
160 214.75561405663092
164 214.06725956024218
168 213.0846599996977
172 212.00136765157143
176 210.61019896707572
180 209.01498038745498
184 207.1534755698083
188 205.26148244957753
192 203.2262778512508
196 200.77627704025244
200 198.0865455993796
204 195.40320274399585
208 192.62041268922172
212 189.66412868231134
216 186.3240517265109
220 182.76509565818986
224 178.84167960831346
228 174.77340690207745
232 170.72870752748753
