64 189.44553057889135
68 192.70883052389172
72 195.45141080776625
76 197.96575122892153
80 200.27436917780483
84 202.41540148839616
88 204.42593675043355
92 206.3524429372424
96 208.10533773765314
100 209.6452130085733
104 211.1447163797586
108 212.4778387220619
112 213.56178601607263
116 214.37308412416823
120 214.91656106179877
124 215.4156092152013
128 215.90696982201496
132 216.2206792085915
136 216.51909991508217
140 216.64458635747653
144 216.49815333873602
148 216.06756613084076
152 215.7255384748431
156 215.37096218020878
160 214.84804467892965
168 212.94212466700745
172 211.77587704832914
176 210.42932912114557
180 208.78695372192908
184 206.98331491322935
188 205.13675764423456
192 203.0657030524444
196 200.60498272220445
200 198.08166806980913
204 195.53859169209238
208 192.78307988289535
212 189.6511190788899
216 186.51202253781946
220 182.94054033345986
224 179.10969499314928
228 175.26893576829463
232 171.54880834606348
