64 188.64591660117276
68 191.92087794066867
72 194.8653746674395
76 197.46294698457206
80 199.8699161719789
84 202.2295835503086
88 204.3230893028072
92 206.15545662011345
96 207.81886953874334
100 209.35178211192758
104 210.75628141662276
108 211.910172411432
112 212.92655353829127
116 213.73380795474924
120 214.6071944040274
124 215.10651403289066
128 215.70579077435676
132 216.01621960017226
136 216.3209297507379
140 216.40326828610085
144 216.32455543406846
148 216.0342826955222
152 215.67859047259455
156 215.36105052163873
160 214.70406975397898
164 213.7548449447499
168 212.64132597012508
172 211.4439506563767
176 210.09619101152285
180 208.39881205139181
184 206.57574457805066
188 204.82893363503837
192 202.8158634935733
196 200.33685530174546
200 197.77754456391847
204 195.22267365292672
208 192.3509111715965
212 189.45698598380676
216 186.1644415421303
220 182.64633181116454
224 178.94198215039867
228 174.96843075827695
232 170.93697841917123
