64 187.59717019834676
68 190.93856409219708
72 193.90779363841057
76 196.57350431713365
80 199.01936308103777
84 201.5851820352729
88 203.90089622321238
92 205.82448732989036
96 207.4042132194712
100 208.8422078058493
104 210.2212166437078
108 211.35022105300243
112 212.49169444454694
116 213.61278192976062
120 214.48588610079744
124 215.0398899888506
128 215.57182175085174
132 215.99522301185183
136 216.33777249950083
140 216.4208474528768
144 216.31803620798257
148 216.1627962406214
152 215.70777805158716
156 215.1533142527722
160 214.4853372176102
168 212.93845038732297
172 211.8956889241826
176 210.49545527097783
180 208.89176883808756
184 206.96194693626734
188 205.02362087244657
192 203.02612173731697
196 200.72846569579258
200 198.05452901561839
204 195.45638868088218
208 192.8576117221066
212 189.83497742805798
216 186.29531142722536
220 182.80145185970431
224 179.0440376360746
228 175.30953801090246
232 171.68055945850864
