64 189.74805757995222
68 192.74620753876795
72 195.67288007009216
76 198.35257039257758
80 200.55750902227118
84 202.69148764665522
88 204.6373377791318
92 206.5125552273892
96 208.30883362792704
104 211.50474665527406
108 212.79119583414865
112 213.818787411573
116 214.6787375718014
120 215.25854318655036
124 215.7740627638274
128 216.16950294715156
132 216.44419914897125
136 216.5979852470001
140 216.65016935499182
144 216.65091058772578
148 216.43656662065004
152 216.13992527059997
156 215.61825856350868
160 215.080069604252
164 214.27953006283005
168 213.32033656425378
172 212.19079217319364
176 210.86880615527798
180 209.13623264650678
184 207.19500722608026
188 205.2031959375085
192 203.06875245046254
196 200.7718888622431
200 198.49191429405312
204 195.92379114107828
208 193.14388521456124
212 190.08809158857187
216 186.7359256709703
220 183.3994673775382
224 179.71724006825508
228 173.89445454460906
232 171.12538747685852
