64 188.6889877079247
68 191.86730620512265
72 194.71633697792396
76 197.340999715409
80 199.80000897965806
84 202.15563083212655
88 204.27076373418507
92 206.19942759958576
96 207.99680166329716
100 209.5892393208455
104 211.00466489874077
108 212.10425856695952
112 213.18074286655536
116 214.15499900854542
120 214.9783273646188
124 215.61847151005534
128 216.0634892364098
132 216.43562508186784
136 216.5918531842542
140 216.63540945171238
144 216.7017581084866
148 216.46870922705938
152 216.50645843073121
156 215.87640277878927
160 215.2789007973256
164 214.50655383120446
168 213.5781492560592
172 212.32914334969558
176 211.1019089778099
180 209.5478710600182
184 207.90079875571485
188 206.25650978052212
192 204.10673864967953
196 201.7276388804989
200 199.06370401439278
204 196.35307113307192
208 193.58579380490687
212 190.57033900879983
216 187.54467502025324
220 184.3218242290911
224 180.61743163623225
228 176.91345067899329
232 172.7688439664479
