64 187.96999682635894
68 191.3467505430175
72 194.18270304851762
76 196.77886582970643
80 199.40613539829002
84 201.89005447296395
88 204.15579695204167
92 206.03340002620928
96 207.67795202351834
100 209.25435798040832
104 210.7954393212209
108 211.97426801314714
112 212.916802381202
116 213.9028579738995
120 214.75273415460083
124 215.24911140386934
128 215.77856888356513
132 216.24148682839444
136 216.42825796107024
140 216.54935107985605
144 216.48849240007328
148 216.2765500349845
152 215.94525519059692
156 215.3932483091063
160 214.8154092803229
168 213.10708960092978
172 212.0057302987889
176 210.81155025601126
180 209.23946431509253
184 207.5279375169094
188 205.53367303816063
192 203.51689571380663
196 201.1877348727554
200 198.71057566000735
204 196.1333567806916
208 193.3497283156716
212 190.32508614409997
216 186.95345248402919
220 183.56873616443403
224 180.03409690172523
228 176.35904376169196
232 172.15182960685686
