64 187.8460834514346
68 191.24618614636984
72 193.94793226581737
76 196.45561567399724
80 198.71048285461404
84 201.24090983308653
88 203.52034934876116
92 205.54710545581952
96 207.34911833085962
100 208.89056042772802
104 210.42604554042907
108 211.68600939360914
112 212.84786043439314
116 213.6084264970077
120 214.54210082225876
124 215.12116554286862
128 215.6165246137141
132 215.88336323386142
136 216.10205772211836
140 216.24332348389174
144 216.27484281058318
148 215.98424723654637
152 215.5063743076899
156 215.05553811802315
160 214.40709426692854
164 213.59008223873417
168 212.59786037641402
172 211.5508414207464
176 210.25280970956683
180 208.69644358052673
184 207.03378313998775
188 205.2284427015819
192 203.3055135343276
196 200.98636753536903
200 198.5221327418305
204 195.9854460025065
208 193.21460426994764
212 190.03843537100815
216 186.588568209771
220 183.3146579376043
224 179.7422834622832
228 176.25201694650332
232 172.4879197835545
