60 186.56536845882363
64 189.0415138148595
68 192.0531739391223
72 194.7862304910797
76 197.2563432253634
80 199.85286731775955
84 202.36537479761836
88 204.53103340585173
92 206.39068569251342
96 208.16338947756668
100 209.69140195255147
104 211.05518321837542
108 212.0182277100683
112 213.10370586568257
120 214.78334224145664
124 215.36183091970656
128 215.8837520785871
132 216.16335020903625
136 216.4919484282143
140 216.5767369005741
144 216.62512577746895
148 216.45368757417992
152 215.9733407629509
156 215.44176631570616
160 214.78528890638842
168 213.06773659021914
172 211.95930983737986
176 210.6047620498384
180 209.0041632643244
184 207.18864792513182
188 205.3029932823594
192 203.24663023031908
196 200.96186099262968
200 198.44013315323124
204 195.7236606216641
208 192.9900134731244
212 190.0871939926209
216 186.89937360506497
220 183.57242425168045
224 180.0107839376603
228 176.02949295202853
232 172.28044329515575
