60 187.85013029784756
64 189.7224312773668
68 192.22988793180266
72 195.16461287819334
76 197.74075222778245
80 200.20251593837241
84 202.49022613925627
88 204.5769495029753
92 206.51748448927697
96 208.3425773694216
100 209.93581265036755
104 211.28585344623008
108 212.45326428911972
112 213.50501589537626
116 214.49777474593557
120 215.27574696467775
124 215.8424041157623
128 216.2550536992049
132 216.44942793573782
136 216.59449027491246
140 216.65365814421912
144 216.70253104553154
148 216.45732102967227
152 215.99745783561679
156 215.53369885256066
160 214.90384573911464
164 214.19122949919796
168 213.2399321709252
172 212.18853630605147
176 210.81328100265924
180 209.22830215054216
184 207.35096718093826
188 205.33317480329887
192 203.19718358222664
196 200.72738767667713
200 198.11227769534503
204 195.53368033015298
208 192.61964348822778
212 189.55063769773017
216 186.72175784366055
220 183.55942228373982
224 179.70319606664705
228 175.0894675033837
232 171.01412422377115
