64 188.82542169457435
68 191.84439201665597
72 194.6729045780154
76 196.89815953695748
80 199.4363374996965
84 202.08831466588165
88 204.3562304788935
92 206.23282384835719
96 207.81036179119758
100 209.37061658207975
104 210.64919612321748
108 211.8693941800915
112 213.06231225333997
120 214.886254871739
124 215.4176882225765
128 215.8657171384651
132 216.14824914677527
136 216.35700425790426
140 216.4357052573423
144 216.4254642980816
148 216.23751765332162
152 215.80443933957872
156 215.3837666978648
160 214.62249033478463
164 213.63305620667185
168 212.60865473545888
172 211.61185966821452
176 210.27918278393088
180 208.63463421411623
184 206.85502976985634
188 205.08048111208382
192 203.23636814565123
196 200.8854702510892
200 198.32616046911448
204 195.63904552920286
208 192.7481330795757
212 189.54520650405792
216 186.3694768433352
220 182.95843770536518
224 179.1992144268819
228 175.11347630548676
232 171.20494520599163
