64 187.30985830535593
68 190.79434439041904
72 193.54740640233055
76 196.0635078535263
80 198.50496431499695
84 200.9229897552564
88 203.1321813044084
92 205.11425019774492
96 206.95034351893506
100 208.6533218722925
104 210.14800431423754
108 211.25361388002662
112 212.18196217863226
116 213.2172494663393
120 214.1338084229755
124 214.96542633178058
128 215.43297604225532
132 215.67880707349332
136 215.89365140315587
140 215.91584883763943
144 215.89015281675694
148 215.67516605947958
152 215.34631640519976
156 214.83283801358778
160 214.16477430144556
164 213.38845974298715
168 212.48793160545128
172 211.26565781299556
176 209.90867083941941
180 208.4177992138384
184 206.66652709082163
188 204.74094455011476
192 202.7127424172637
196 200.38064779924716
200 197.87429009801826
204 195.33514887046329
208 192.6445362164392
212 189.57869042707236
216 186.47141838207438
220 183.19754865762144
224 179.70487692037892
228 175.27729835734272
232 170.98955784209394
