64 187.17833010041454
68 190.66499002381676
72 193.54917371030962
76 196.17396441260865
80 198.58330796767552
84 200.9424330073894
88 202.98327875514022
92 204.84046049911797
96 206.66132684668813
100 208.38856833337758
104 209.93869458461685
108 211.19422306939214
112 212.13635026822965
116 213.08685222855735
120 213.85686436679583
124 214.43967873105294
128 214.9215327117669
132 215.41557323063319
136 215.7167348435832
140 215.79451712224946
144 215.77213549628465
148 215.49905005019468
152 215.12215136120648
156 214.5171433108642
160 213.7466084627278
164 212.99985225537984
168 212.20578453566375
172 211.13112879607664
176 209.78767752538747
180 208.24661390633324
184 206.54089549607647
188 204.69368917987157
192 202.58792402373615
196 200.0920817250912
200 197.4529344269219
204 194.76508663344114
208 191.91741170695173
212 188.91618370740014
216 185.87818960599265
220 182.5912723280285
224 178.8097308758384
228 174.88207235472223
232 170.47388289321742
