64 188.14957089270803
68 191.40262479443902
72 194.2775244396521
76 196.90909978386324
80 199.51402640736407
84 201.85861529069308
88 204.00637942017636
92 205.82100686480965
96 207.54184251457184
100 209.0535708302967
104 210.5416765620574
108 211.79201922834676
112 212.84828089554117
116 213.68028159475827
120 214.34797282429105
124 214.92265004114313
128 215.30535102630444
132 215.66707708167866
136 216.0114445090841
140 216.04434143241917
144 215.93305352630358
148 215.70946501940406
152 215.4158849863574
156 214.9630716460815
160 214.20563305248317
164 213.32829180810324
168 212.342525971931
172 211.24543864461273
176 209.90952001999926
180 208.29524783957402
184 206.46608852455552
188 204.3986610547488
192 202.25392727415152
196 199.9820436422633
200 197.4213419110535
204 194.7202223444936
208 191.88208844040395
212 189.068068659487
216 185.9609607306239
220 182.57753418800746
224 178.73306740316372
228 174.67280024534648
232 170.73174823614875
