64 187.0527105939027
68 190.09055758641662
72 192.9325131036753
76 195.62126470959498
80 198.3095484598026
84 200.7183206813487
88 202.80102710339577
92 204.63623874076592
96 206.33741592830614
100 207.883955553833
104 209.38407583454236
108 210.65815231211877
112 211.97554261577184
116 212.87034307023418
120 213.67634884023627
124 214.1604714042133
128 214.58598476519415
132 215.1416243726478
136 215.60723332350418
140 215.63003193839916
144 215.40574616152546
148 215.00385490038707
152 214.5206045025365
160 213.53188757620342
164 212.78600606250893
168 211.95639742351446
172 210.8416960037655
176 209.37532734266557
180 207.70532130978566
184 205.876114942632
188 204.09529757315102
192 201.97598486801056
196 199.7734417956563
200 197.2294132404714
204 194.71385532845068
208 192.05583893603526
212 189.0950549901629
216 186.0750480479026
220 182.64419286678532
224 178.56430016765106
228 174.32731827354138
232 170.51087697068874
