64 187.9725915495701
68 190.96879646996945
72 193.8599744582085
76 196.60332365531627
80 199.19150026614713
84 201.68479689603964
88 203.7696908276728
92 205.7008494571687
96 207.38861914516667
100 208.88051468260585
104 210.2904946915185
108 211.50595945857583
112 212.61638530821028
116 213.61974772078304
120 214.2905714289073
124 214.8759179820055
128 215.4060555978783
132 215.70235165333287
136 215.95264921668837
140 215.97215328765702
144 215.8044563267842
148 215.61541543904946
152 215.32616194379085
156 214.71359037065005
164 213.03525399645582
168 212.10814343092846
172 211.05672869306176
176 209.7190729389666
180 208.09783470439874
184 206.23188218204507
188 204.20109546333623
192 202.07210624473905
196 199.74870903581288
200 197.15429017994256
204 194.45475300041767
208 191.59448370072516
212 188.52223651993168
216 185.34883792081922
220 182.0519372940738
224 178.50720515614557
228 173.84827325097442
232 170.53164640602017
