64 188.3307057505479
68 191.04868196608948
72 193.8194779690294
76 196.57530421938756
80 199.2267530262808
84 201.65914804914232
88 203.72097205539387
92 205.57168232057066
96 207.24544285858016
100 208.8555470949691
104 210.15021042590755
108 211.3323256974649
112 212.44560792652612
116 213.49662818848321
120 214.11439163951223
124 214.597805373265
128 215.1107838557995
132 215.47162151093806
136 215.8684804877357
140 215.97308487307595
144 215.8909977495413
148 215.7265314644656
152 215.4409279227231
156 214.89150498821857
164 213.31798834096415
168 212.20984120054095
172 211.0366743785629
176 209.6954463840708
180 208.15151569226754
184 206.47960048461033
188 204.62678480631382
192 202.46535788724267
196 199.9867351036472
200 197.4000371231041
204 194.84200221160222
208 192.11451547220807
212 189.1946771664538
216 185.9932004891781
220 182.50926777660723
224 178.7280797681135
228 174.72061378825225
232 170.24963896988942
