64 187.5585231077025
68 191.23960019991068
72 194.158080221745
76 196.79644425064492
80 199.57368043219208
84 201.9964140761868
88 204.15373055530972
92 206.02578071374373
96 207.64295843002174
100 209.0308269486604
104 210.55967135777124
108 211.74039213476115
112 212.95152787137584
120 214.92384772724967
124 215.37640320336547
128 215.8473221849767
132 216.19243520108404
136 216.38780509384108
140 216.46704481110646
144 216.42216722790073
148 216.24501557617958
152 215.77586060456102
156 215.2118501935604
160 214.4747333977407
164 213.63143382037373
168 212.66734897865035
172 211.59178599823076
176 210.3014680676142
180 208.58446545479038
184 206.88446367005534
188 205.08496038866224
192 203.24489783234094
196 201.11280799965118
200 198.72908826684886
204 195.937792590076
208 193.13653591530826
212 190.22248667056525
216 186.92656685178594
220 183.6947201243164
224 180.29124735881945
228 176.3248913483309
232 171.9053226282777
