64 187.902522256316
68 190.92802519549565
72 193.71298917503665
76 196.11242639978514
80 198.68861264006117
84 201.02103191742492
88 203.08296057226423
92 204.99872501688122
96 206.76672431482467
100 208.50031022701432
104 209.97340986900497
108 211.1162774520322
112 212.04785140650148
116 213.04652344350805
124 214.4995465064196
128 214.9804066979985
132 215.54455554730322
136 215.91709815261862
140 215.9669697643323
144 215.83819756599317
148 215.56380012251398
152 215.17870024372456
156 214.71643035130228
164 213.39744718840493
168 212.4120831465513
172 211.226934057805
176 209.82081402334748
180 208.1977261992525
184 206.36468914759564
188 204.47195403645446
192 202.39864489583198
196 199.96323206640847
200 197.4198679741813
204 194.90235252535905
208 192.1167194403493
212 188.88749379816207
216 185.45000870069507
220 182.11764451310654
224 178.5883201405573
228 174.5043403583904
232 170.42979160754135
