64 188.16833447692864
68 191.20142171631997
72 194.09967426705254
76 196.66022517333215
80 199.09136706001837
84 201.3654575777542
88 203.6912448180361
92 205.69566750949127
96 207.39799319441119
100 208.82794830672643
104 210.22719408980169
108 211.49900502235147
112 212.76385836666088
116 213.67161926435398
120 214.42147597317376
124 214.97728931061124
128 215.46762020520444
132 215.9248689753307
136 216.17404994636397
140 216.1982794478195
144 216.0833083657933
148 215.8079252317175
152 215.45458725590532
156 214.9400613564897
160 214.21976175806938
164 213.448491780099
168 212.43629557574263
172 211.29595131142534
180 208.4447465759139
184 206.6318009162681
188 204.68597016371643
192 202.73662961216493
196 200.3822865479395
200 197.8556377475671
204 195.21514272646894
208 192.48953680499713
212 189.4296130692266
216 186.14308145173356
220 182.87235259415553
224 179.23693182073038
228 175.34173611199031
232 170.88878477101477
