64 188.30931949724265
68 191.6682932088778
72 194.16576995834325
76 196.78693554399555
80 199.460994094122
84 202.00199057515462
88 204.20424793051916
96 207.59499241788632
100 209.0422010422625
104 210.68995160855604
108 211.868715466119
112 213.07855720584422
120 214.92406884493437
124 215.46497167289021
128 215.902444017537
132 216.23902791304644
136 216.43440762012452
140 216.5112669249087
144 216.47055768465248
148 216.23708551806985
152 215.81340396823805
156 215.20025189274955
160 214.5804130800644
168 212.81877031419967
172 211.62507013868165
176 210.32306917597202
180 208.85545034536182
184 207.2105160818469
188 205.32126684261897
192 203.39107618120215
196 201.18196399514994
200 198.77681174668373
204 196.02966515562375
208 193.22837961034645
212 190.35267047911486
216 187.1116059805866
220 183.71013307848827
224 180.16479519831412
228 176.63860901514758
232 172.89067748938322
