48 183.51739825560838
52 186.06304210643447
56 189.0387802475047
60 192.22588693203966
64 195.188712205667
68 197.86127576804358
72 200.3807976426196
76 202.5413152167658
80 204.55124375486432
84 206.31904689595763
88 208.01206526714955
92 209.50871025985498
96 210.8966484257915
100 212.1023964705014
104 213.348200872024
108 214.17593640314266
112 214.86811580251282
116 215.3851296602238
120 215.85511085879088
124 216.0243684804954
128 216.04141737245027
132 216.03647800810967
136 215.8295913684421
140 215.6651027236065
144 215.2943874784416
148 214.82240620624577
156 212.9847100191498
160 211.73839426394338
164 210.34314192393256
168 208.84385787478516
172 207.3992512061554
176 205.72537447855404
180 203.98414099442468
184 201.853460374431
188 199.47042426314368
192 196.91003773995482
196 194.2564230173173
200 191.34411507765438
204 188.1767336209088
208 185.33147274327666
212 182.1592911310559
216 179.01184119647365
220 175.85578314165275
224 173.41083014794896
