64 187.3431511379714
68 190.66934522800125
72 193.5107579135459
76 196.01885260522806
80 198.76309335548171
84 201.25420386367406
88 203.33852352401541
92 205.1834998363836
96 206.91052523147522
100 208.4889530552801
108 211.17298438786764
112 212.12433044590918
116 213.03534510642123
120 213.81603799636457
124 214.44583348630505
128 214.96536698864017
132 215.39378023988687
136 215.72822989876008
140 215.79943230810497
144 215.72859560665373
148 215.3932135230512
152 214.941100489756
156 214.42017038303453
160 213.6693373517193
164 212.75205819386272
168 211.79351129551756
172 210.61823105589886
176 209.22671246066602
180 207.7726811293774
184 205.88169201238776
188 204.08798564459053
192 202.07876171674775
196 199.84088592752437
200 197.38205263381673
204 194.68318245242878
208 191.76526482816342
212 188.82530755857493
216 185.52962490051777
220 181.8590467405136
224 178.12077470997207
228 174.01586605479054
232 170.48475162348686
