64 188.57804930258868
68 191.23980832381125
72 193.96869940967915
76 196.52793680908107
80 199.06698177948843
84 201.4745199627071
88 203.7484371338876
92 205.74476732391867
96 207.47537128835518
100 208.89124509293978
104 210.31664311084415
108 211.49574330321275
112 212.56765531732543
116 213.53107646231638
120 214.3339052462933
124 214.9551358895146
128 215.37461296296453
132 215.7053118853598
136 215.94005134665687
140 215.92285110594
144 215.80083887060374
148 215.57585791707086
152 215.19144330838412
156 214.72400069165
164 213.45033254514743
168 212.39918796412096
172 211.3662185225765
180 208.41359754305694
184 206.46110648404868
188 204.3660784804739
192 202.18497902902146
196 199.88587553129253
200 197.29381108160484
204 194.62259880558878
208 191.84894303627732
212 189.12002229174476
216 186.07613827197926
220 182.57155627802376
224 178.7377073200363
228 174.35080882275793
232 170.78134628484773
