48 184.1120609292583
52 186.3539423843426
56 189.08638339098843
60 191.97844681885408
64 195.14591924556268
68 197.92006905088
72 200.4070312832456
76 202.61274384674076
80 204.69534826998014
84 206.56614628184013
88 208.28703744244592
92 209.74253136670288
96 211.1332009896557
100 212.08399920104753
104 213.00168792958445
108 213.8181520684463
112 214.36112341018713
116 214.8467261047927
120 215.3627337631581
124 215.71030487278068
128 215.86953786378623
132 215.74634520813564
136 215.35391880577623
140 214.86462429802066
144 214.29164007946227
148 213.75141857870062
152 213.0278282257299
156 212.2257899877897
160 211.15313800312202
164 209.78138437233855
168 208.33430422128993
172 206.91400208864235
176 205.16414625125287
180 202.98231987437308
184 200.62050817204997
188 198.26448076339764
192 195.83740321120104
196 193.22721874907288
200 190.25722520225793
204 187.17644329239295
208 184.05941728924682
212 180.9427578143327
216 177.62478381118603
220 174.3143940458201
224 172.28385307721436
