64 187.5285363003
68 190.91079696632656
72 193.83067997229935
76 196.46146979418995
80 199.00862278013113
84 201.49421071163243
88 203.65464047611408
92 205.5084007646113
96 207.31364887023085
100 208.78315828542532
104 210.25564849514484
108 211.42013192201813
112 212.47959331806783
116 213.41258900661308
120 214.21824903983463
124 214.72277117471322
128 215.17503775497687
132 215.500080329533
136 215.8551280809505
140 215.9096708738413
144 215.80287056491446
148 215.46075415130284
152 215.07936068855759
156 214.52083308595266
164 212.95738301703864
168 211.89662923842454
172 210.79654772771204
176 209.5305300424635
180 207.94897421840312
184 206.07917928092644
188 204.01943849529263
192 201.8114940478208
196 199.35803098780005
200 196.59780981534183
204 193.80759955845454
208 191.16882471422701
212 188.47593323652148
216 185.31564423577987
220 181.7747847931226
224 177.728921283468
228 173.49976411383048
232 170.18240777333045
