48 183.46808562215244
52 186.63574417215776
56 189.64649482600942
60 192.32209232739538
64 195.09460279145978
68 197.79224775031753
72 200.48665629518956
76 202.84346249594802
80 204.74038980365253
84 206.52233861057886
88 208.17042848089667
92 209.7878521363725
96 211.13284509962836
100 212.25947139183074
104 213.36022735652435
108 214.16113941911584
112 214.8228485571471
116 215.37437526965581
120 215.77125314257717
124 215.99972693125954
128 215.99410546287817
132 215.99032934075473
136 215.77855482402174
140 215.50210294904525
144 215.02769531636136
148 214.34549667335892
152 213.58864856825386
156 212.73085234007868
160 211.78192554398024
164 210.54102928471332
168 209.07815623405048
172 207.64172051120767
176 205.84391017621203
180 203.7857995321086
184 201.48103358238518
188 199.21510772688745
192 196.78111084916347
196 194.05611174279457
200 191.12584527783474
204 188.1620730702551
208 185.2507256175856
212 182.35395363873772
216 179.0570485986613
220 175.80178876466692
224 173.48808624108818
