56 188.4009743485709
60 191.23304533061372
64 194.34692880162197
68 197.1166355903087
72 199.7348745126186
76 201.84254105035146
80 203.91920823918153
84 205.9007564638444
88 207.4692456425026
92 208.83189489065947
96 210.28202716265298
100 211.42940251665902
104 212.44060337819286
108 213.15798719313096
112 213.77619541736942
116 214.20195888184622
120 214.4467897029113
124 214.51491221657236
128 214.58952430125328
132 214.5975716838987
136 214.53356313590447
140 214.26882529844073
144 213.79257196765047
148 213.08986362974116
152 212.20371363954342
156 211.20532373510844
160 210.12175278881074
164 208.92303087717673
168 207.73455365802985
172 206.06460781546326
176 204.14251605871817
180 202.03518155965457
184 199.80772038295848
188 197.42254791514955
192 194.90796256949702
196 192.18561053243903
200 189.43033242609718
204 186.4069836001657
208 183.24390906359616
212 180.27472877853336
216 177.16844270387787
220 174.11665489757524
224 172.00702507414667
