44 181.0181418614967
48 183.22041670034815
52 185.80564686439604
56 188.5987742614829
60 191.4680190590011
64 194.3094306607726
68 197.0056414333659
72 199.70086677021084
76 202.01171161300678
80 204.10804361025652
84 206.05517825248012
88 207.76148156382507
92 209.00819053094364
96 210.48004055661664
100 211.76077050377202
104 212.82516260002205
108 213.71994987565932
112 214.23209250382513
116 214.74882750239752
120 215.2842288684123
124 215.65520200536778
128 215.87084191342413
132 215.82510624320244
136 215.56022981683793
140 215.22860277375077
144 214.60521057787753
152 213.5670834121413
156 212.75791837763853
160 211.5951395163666
164 210.30803910435753
168 208.79276566125242
172 207.14068345810134
176 205.35026940091922
180 203.44572424599352
184 201.4155264646029
188 199.20674016710788
192 196.66328603851767
196 193.89987725544526
200 191.18862906140131
204 188.22600928970598
208 185.26116144988958
212 182.18210342174547
216 178.71010018227418
220 175.24446552874767
