56 180.4002597692332
60 181.43266251649587
64 184.3166943679995
68 187.71196800243445
72 191.16123347571968
76 194.1717973620327
80 196.8104470917095
84 199.32064271141974
88 201.69956634883877
92 203.84681530723682
96 205.8834397122499
100 207.65357338999195
104 209.28359088137094
108 210.67642273859133
112 211.94777630246648
116 213.14726874104073
124 214.8048873014873
128 215.2282650016948
132 215.62344146415677
136 216.10097931640803
140 216.44789416602072
144 216.62885598852787
148 216.49500139741258
152 216.1711967183064
156 215.87956045928033
160 215.47659857282378
164 214.81436968001077
168 214.09474368116204
172 213.12828816315835
176 211.9756679808538
180 210.53528901952643
184 209.09314415095997
188 207.47927026976325
192 205.65242160342495
196 203.71923500717213
200 201.54829948959144
204 199.40154536362144
208 197.04370323408187
212 194.49143344548926
216 191.6509992136953
220 188.67201697174346
224 185.7425216419045
228 182.7838880215811
232 179.47167204333078
236 176.14818082773553
