48 182.14949194756514
52 184.6363104714613
56 187.71418791362294
60 190.84504498762593
64 193.8935558752647
68 196.66323406172972
72 199.3723599318858
76 201.8471058114474
80 204.1588685095686
84 206.22885409728138
88 208.00859390956867
92 209.53116510388318
96 211.09136039929174
100 212.29865810637605
104 213.35327244973345
112 214.87267815992388
116 215.44859533321352
120 215.97663384234713
124 216.4174295869757
128 216.57000614195866
132 216.46316095991443
136 216.86763319823007
140 216.64338559030236
144 216.4272973810297
148 215.78592457444003
152 215.0914699602486
160 213.24657855849077
164 212.3521037999779
168 211.1346627743622
172 209.87006764967964
176 208.38761073316635
180 206.5064210091422
184 204.30429328160767
188 202.15384418822055
192 199.8001431069357
196 197.20538054772007
200 194.48249129417596
204 191.81622161440833
208 188.9942011298159
212 186.25967389521475
216 183.415062209535
220 180.34547528675662
224 176.91820695945805
228 174.52970955743697
