56 180.88537147016564
60 181.62023813318535
64 184.12585891713508
68 187.21695254122437
72 190.27184913484766
76 193.28090780573433
80 196.04687558379732
84 198.5942476242164
88 200.9213425683734
92 203.01735322542072
96 205.07578815142807
100 206.92823044162083
104 208.67409089071825
108 210.1170582852352
112 211.51522112591567
116 212.60636778277495
120 213.5600722804336
124 214.32303618282788
128 214.8481104275163
132 215.35140778213238
136 215.62837941733565
140 215.77661702616484
144 216.11563208100458
148 216.13286636466944
152 215.76709158890515
156 215.41387561568223
160 214.8859452908766
164 214.2307537170534
168 213.41074434674982
172 212.39539346000439
176 211.2292129081829
180 209.90695659218355
184 208.45051166624236
188 206.87961422052317
192 205.09757935276494
196 203.27162126132987
200 201.11618307411942
204 198.79463624062006
208 196.23575101995112
212 193.5635167545977
216 190.65967784582492
220 187.82669640671952
224 184.91470450634296
228 182.00125032573206
232 178.86385951247053
236 175.22168840431036
