60 181.11245891684365
64 184.16654360789192
68 187.5404796238239
72 190.61958468837014
76 193.5862152764234
80 196.38148510760823
84 198.97308051483608
88 201.3448850012515
92 203.59927778937657
96 205.60190232900905
100 207.3756561222337
104 208.87275285174724
108 210.33116108207588
112 211.74797187955846
116 213.00267417025552
124 214.6813269365935
128 215.10232325194204
132 215.38964851965358
136 215.96609731501837
140 216.37551910698653
144 216.52914105687148
148 216.78965692904143
152 216.06563565429627
156 215.6319850896697
160 215.12012859313847
164 214.39053059568417
168 213.6045262948993
172 212.61734718720925
176 211.43572970525364
184 208.78571550326512
188 207.23271817299525
192 205.42359167229574
196 203.47441262260378
200 201.20941299976445
204 198.82675018868312
208 196.46704450997134
212 193.90653475854174
216 190.96211153368034
220 188.01433574659205
224 185.04818464711508
228 181.99863784036427
232 178.76636453099832
236 175.65025571089762
