60 180.89364651491633
64 183.49380650420784
68 186.86998832987587
72 190.10569139948282
76 192.79693585489497
80 195.47738057642948
84 198.24735714783503
88 200.70295542260016
92 202.79261269390312
96 204.747604082778
100 206.55404486853897
104 208.39706498002198
112 211.25814165858415
116 212.31634507958057
120 213.25422042669786
128 214.85021334358552
132 215.2480545492683
136 215.6627548238314
140 215.73351213524165
144 216.00111825754874
148 215.96642112503028
152 215.66480326160763
156 215.39368240342952
160 214.9565410649308
164 214.29667312863467
168 213.52360153952947
172 212.5856710137405
176 211.58898287689914
180 210.2814452049606
184 208.63509765083094
188 206.93856629141055
192 205.1024779530121
196 203.29581069744444
200 201.1535301345265
204 198.89870416863226
208 196.40948207455185
212 193.6472416882753
216 190.86513115306673
220 188.0991406863383
224 185.20822690664727
228 182.16349997570643
232 178.65371769411433
236 175.35380765844053
