52 181.1326998831437
56 182.5354263456801
60 185.1787622610891
64 188.36702729754495
68 191.5036236360691
72 194.42080576939685
76 196.99919181780132
80 199.64300725276738
84 202.18788433498528
88 204.49006709293465
92 206.4963898674666
96 208.14142894259348
100 209.58710068271986
104 211.0318679697524
108 212.4473729361068
112 213.58479184076404
116 214.5082016379589
120 215.1279342447344
124 215.65617132236974
128 216.02157687361802
132 216.24412494759446
136 216.49283319624075
140 216.74727534263255
144 216.58301161139673
148 216.365027406487
152 215.9955848278181
156 215.4827850054549
160 214.95243293238772
164 214.21074727793692
168 213.2600138839721
172 212.20990453260885
176 210.9397790522519
180 209.4379277032255
184 207.75200977868536
188 205.78139726326845
192 203.67938597208888
196 201.6179126146451
200 199.28611548716202
204 196.88259195915583
208 194.33026159466303
212 191.5881141289197
216 188.6882598034223
220 185.77522951354644
224 182.70665963216675
228 179.42504487369808
232 176.04365446253001
