60 181.68509814253076
64 184.40121597229626
68 187.62096380072956
72 190.92710206512635
76 193.7822702221983
80 196.50435376032647
84 199.16357436824256
88 201.6200810229031
92 203.81036721341684
96 205.94512019074648
100 207.6667289159254
104 209.1102180513618
108 210.4564178124204
112 211.7632148937463
116 213.0214827193995
124 214.64592993506693
128 215.1671254040812
132 215.52125296901013
136 215.87851747737736
140 216.3468768948234
144 216.26827052248512
148 216.56236776657252
152 215.89282728708528
156 215.48802961221296
160 215.0019893818103
164 214.3042906237747
168 213.5772041286233
172 212.67903289267727
176 211.4214351005432
184 208.52953228383447
188 207.02408903663223
192 205.30314875396866
196 203.36802929279892
200 201.05803842585775
204 198.54851498895894
208 196.12736226790958
212 193.52610908265626
216 190.6325563765699
220 187.75453477521805
224 185.0417698207886
228 182.231436812948
232 178.88106315921968
236 175.41880755505497
