56 179.47734288846192
60 181.60936795307433
64 184.61044161031856
68 187.65194231687067
72 190.74399812487104
76 193.76161379755146
80 196.49649487996004
84 199.05754631022174
88 201.51651699399252
92 203.71512470794272
96 205.841268494859
100 207.64669643334233
104 209.13848125623764
108 210.45597068163138
112 211.7838037341151
116 212.9389230046396
120 213.89296742696374
124 214.59333619494032
128 214.9734800853529
132 215.4035913901605
136 215.8382873331454
140 216.15876522908488
144 216.38516329652904
148 216.3330650234763
152 215.85935184430687
156 215.48710949183175
160 214.90851082260627
164 214.3782585896501
168 213.7094153091222
172 212.74241596927448
176 211.68959461861274
180 210.28909779917427
184 208.6361307301362
188 206.97801826382906
192 205.0507757540244
196 202.9688263328291
200 200.78736293465158
204 198.62850849895614
208 196.18712397507107
212 193.5244835625127
216 190.76851359055092
220 187.6734900057416
224 184.80677670230813
228 181.77280635400624
232 178.70874111619824
236 175.6025331905123
