56 180.14353163361662
60 181.26987853010186
64 184.19641510908139
68 187.3941242191115
72 190.5811376620308
76 193.44616356822786
80 196.31225575105827
84 199.02267621736644
88 201.40332204206112
92 203.57460286097054
96 205.59321980347454
100 207.47646903564353
104 209.21711284073257
108 210.6541043746966
112 211.85673347203797
116 212.86133852567244
120 213.72673544418575
124 214.44562690886457
128 214.88576052944467
132 215.31418742503686
136 215.68499741311265
140 215.95457379488994
144 216.27408467692786
148 216.21659307330782
152 215.750010135242
156 215.38335020888127
160 214.84778096573783
164 214.13394906701174
168 213.39890586083234
172 212.566685955792
176 211.537833083848
180 210.1311298150179
184 208.55299539170505
188 206.83775197339065
192 205.00641509586856
196 202.947284935877
200 200.4652688053056
204 198.25313337108884
208 195.974864694428
212 193.469166570125
216 190.5103489618065
220 187.4693455881971
224 184.66243893048218
228 181.6145852621978
232 178.54118238421174
236 175.46341713926768
