60 181.1419160837763
64 184.12631778836348
68 187.5787477909276
72 190.7324108890574
76 193.62007780535143
80 196.3655259451479
84 199.14907147924254
88 201.63915242675097
92 203.70113172951696
96 205.63053562173903
100 207.38913696033512
104 208.8830997377225
108 210.14978194705932
112 211.5011138377746
116 212.72843007897603
120 213.70148641197133
124 214.48807462019045
128 214.9776248958041
132 215.4271581276753
136 215.7869552143677
140 216.17600530155184
144 216.37815825662975
148 216.38390823218248
152 216.00272143846354
156 215.68211806317305
160 215.1421213553118
164 214.5078495670899
168 213.71603351992783
172 212.70721389117412
176 211.6767292572691
180 210.29893982982435
184 208.69981271026083
188 207.04029345745954
192 205.27047500650542
196 203.32708441058426
200 201.13797184957497
204 198.73941970552983
208 196.1936561086835
212 193.44878839390228
216 190.685033556303
220 187.91619151002493
224 185.07867523009372
228 182.1107660983488
232 178.94830867337708
236 175.831053197169
