56 179.6425784326297
60 181.7916673558941
64 184.91549717281822
68 188.02700085777974
72 191.25626059963506
76 194.25532675092913
80 197.0742438157456
84 199.74745336648533
88 202.18465242328244
92 204.25712974542068
96 206.10316520796627
100 207.75036945349112
104 209.32452333723512
108 210.66865551035198
112 211.93079905936187
116 213.16163148670321
124 214.7761640493014
128 215.29707342853138
132 215.78931107236914
136 216.11765681034802
140 216.41676906035428
144 216.53850592087792
148 216.32439880926583
152 216.1079320833448
156 215.75477432955236
160 215.1995069277271
164 214.6050627576094
168 213.8397207027394
172 212.81591555994933
176 211.56443140731278
180 210.20511324646694
184 208.7001924130784
188 207.08551056910122
192 205.20379531689576
196 203.16765820719726
200 200.95187296357267
204 198.71416086550704
208 196.16614246576924
212 193.5340413264293
216 190.72920084614236
220 187.88746092991164
224 185.04734018158308
228 182.16776757507597
232 178.84707148413352
236 176.22901446594972
