56 178.8596224857157
60 180.77930069997205
64 183.77024725728882
68 187.3363474486325
72 190.47090009502776
76 193.36004138856921
80 196.17125236920342
84 198.7628562427837
88 201.14129150919362
92 203.38923156092386
96 205.44799017462836
100 207.22799555667524
104 208.9394015739361
108 210.44599308293806
112 211.70517998120198
116 212.75835958621144
120 213.69568487054624
124 214.45825850283842
128 214.87710071195525
132 215.30555741764792
136 215.7055102506116
140 215.82066714609306
144 216.01039677574101
148 215.9198198537608
152 215.62673652149044
156 215.3087873386742
160 214.82896017215214
164 214.25989265227346
168 213.53162709472622
172 212.5962776778694
176 211.5353023291575
180 210.11143239193237
184 208.5381926815989
188 206.92844556963243
192 205.0472555656611
196 203.02581806068528
200 200.64293887194665
204 198.3512317749795
208 195.96223035789066
212 193.34546841898367
216 190.3574779256943
220 187.29851820665328
224 184.43193131431133
228 181.67826562176344
232 178.63372649332194
236 175.50879641111516
