60 180.72052661247483
64 183.87454736100716
68 187.37769564642292
72 190.57466377414
76 193.536962443732
80 196.3829735923093
84 199.0193222952979
88 201.50930625423604
92 203.6974203766383
96 205.6546420025498
100 207.41631704654372
104 209.14071820533786
108 210.603901760127
112 212.00242225361407
116 213.03634122048794
124 214.71404597827654
128 215.19651991409233
132 215.61359848301575
136 216.0595809474929
140 216.43404746114098
144 216.52680958737375
148 216.23992665161833
152 215.90040700945355
156 215.4796182412016
160 215.05426609249952
164 214.50514242986628
168 213.80315821204834
172 212.83768094595092
176 211.68806225404768
180 210.27455801483313
184 208.84964806605086
188 207.10701350181623
192 205.1888656418577
196 203.13618464606657
200 201.0142379338889
204 198.9489788009019
208 196.64869893169546
212 194.04138249813087
216 191.24997569861034
220 188.2670399754623
224 185.4217265662601
228 182.20683399899076
232 178.93405675108528
236 175.8878441025998
