60 180.7937926409718
64 183.67833331152124
68 187.26823265334963
72 190.48415417167914
76 193.34859064090233
80 196.06109264322194
84 198.62234099139775
88 200.91982082177387
92 203.0801710625642
96 204.9319867853335
100 206.6334883475546
104 208.2237675293962
108 209.74499343034088
112 211.09256006217382
116 212.15292640069782
120 213.20291687759726
128 214.6721041103613
132 215.1118052537854
136 215.43758063915422
140 215.64478753793088
144 215.87714719311762
148 215.8762055382393
152 215.51421097782423
156 215.13308110563747
160 214.63600239018612
168 213.056779864366
172 212.2746603911848
176 211.13994470753678
180 209.591356985187
184 208.048692798198
188 206.51050503719887
192 204.73049935280068
196 202.6663843537292
200 200.3630046174816
204 197.97860096182444
208 195.60035254940436
212 192.98770049211026
216 190.32099881076653
220 187.48319271771152
224 184.37800598801212
228 181.50660236691766
232 178.3395467526534
236 175.1487763787303
