56 176.80552048973678
60 179.2974000525315
64 183.2015623865127
68 186.99215483031364
72 190.21418603529435
76 192.92713146031042
80 195.694985998893
84 198.28452423407055
88 200.7311787687286
92 202.97521853641314
96 204.9637555011135
100 206.84267297300997
104 208.40937399830443
108 209.77850770960202
112 211.06861371459595
116 212.0541031002137
120 213.08226572471062
124 213.8552691321173
128 214.4937006113483
132 214.86583542164618
136 215.3063848326583
140 215.61835899003358
144 215.85210850908027
148 215.79604972493223
152 215.64831110949353
156 215.255283720803
160 214.74670166257386
168 213.16939822605386
172 212.2256229102395
176 211.14518033766078
180 209.80620753123026
184 208.40375198399133
188 206.79328184078324
192 205.01594199471018
196 203.13744202229708
200 200.95984611256037
204 198.56592706687564
208 195.98166302918997
212 193.38360287023036
216 190.5838728756274
220 187.63701172305394
224 184.83300192803097
228 181.93214954728194
232 178.7597019723932
236 175.8600789422651
