56 179.56429687309236
60 181.01452109292586
64 183.85074714870063
68 187.13575881571478
72 190.07489174173935
76 192.90097568536117
80 195.73620847379078
84 198.52458842115178
88 200.91843312774483
92 203.12632075520298
96 205.0941385026308
100 207.02331015280834
104 208.6666500109005
112 211.21053041644478
116 212.42155502757785
120 213.53590625821698
124 214.31035647247492
128 214.89042052758413
132 215.29708459428525
136 215.6421236962163
140 215.73571575047794
144 215.85960255477437
148 216.01205566057686
152 215.6262256937492
156 215.2078756915861
160 214.64594610704847
168 213.19301016807785
172 212.3674451992387
176 211.18791821934104
180 209.78714803439283
184 208.33371216615478
188 206.74896643737387
192 204.9711226012952
196 203.06788116342236
200 200.82283308133515
204 198.54313301341986
208 195.95800124002375
212 193.20760707421596
216 190.2267736252262
220 187.42930696820028
224 184.63395241242358
228 181.81895069254523
232 178.82755449931807
236 175.0942459683249
