56 177.29867536650104
60 178.7197292703122
64 181.46218688551974
68 184.8409477609771
72 188.17886764450395
76 191.114443320943
80 194.0101405775559
84 196.8493964686668
88 199.3616581359105
92 201.4728999325915
96 203.54748517679607
100 205.45561356975145
104 207.31808847434093
108 208.8225659539233
116 211.19332050253553
120 212.1128560357842
124 213.0003716537939
128 213.5571170381549
132 214.21031473899967
136 214.66810549351095
140 214.94966429714248
144 214.7784954120661
148 214.71179925556544
152 214.64886650485215
156 214.42198540666345
164 213.2931439687449
168 212.547454574468
172 211.76867924921498
176 210.63191311309697
180 209.2521528034928
184 207.78223417346715
188 206.2289315995194
192 204.4103748242544
196 202.5009725578327
200 200.3896267406679
204 198.39295700286132
208 195.95536010250655
212 193.2830002537268
216 190.31951192737478
220 187.47899272727562
224 184.7149659130441
228 181.79929285563827
232 178.55337992349425
236 175.00895455547146
