60 179.39979108299832
64 182.49891027003048
68 185.84532079709248
72 188.8136623616291
76 191.7253469455206
80 194.60773511206457
84 197.35766060329365
88 200.00982635053396
92 202.35889358163476
96 204.37949752991716
100 206.19485002120604
104 207.78133083863256
108 209.13501272687805
112 210.39167650551678
116 211.52240169049063
120 212.69822448178329
124 213.4937085918184
128 214.20714090453666
132 214.79861631407357
136 215.25144824568554
140 215.52398634159545
144 215.77047163032844
148 215.83087547106277
152 215.55174076336098
156 215.2059956081344
160 214.70635860784515
168 213.25298012645575
172 212.52468416747627
176 211.59302614929334
180 210.27085145793262
184 208.59262813874403
188 206.76722141275425
192 205.10897542406875
196 203.36696473813447
200 201.27836051025923
204 199.07572320606732
208 196.58991839927268
212 194.035704590488
216 191.23566229087993
220 188.30737781096047
224 185.68030754241863
228 182.72526732147924
232 179.51712283415318
236 176.2272892801464
