60 179.3078951674547
64 182.74679693025462
68 185.97403700806078
72 189.0476678613345
76 192.02954180677898
80 194.9182653684135
84 197.75243184076223
88 200.27648865492512
92 202.5183732708189
96 204.54849957607715
100 206.46253246293298
104 208.15327618419218
108 209.33784036822837
112 210.64019445263463
116 211.7064494195796
120 212.68143633387902
124 213.43124639331708
128 214.24382698528007
132 214.7336094742256
136 215.11458071622621
140 215.4038679533891
144 215.84208563518678
148 215.79573317914108
152 215.57115045583396
156 215.09839370428844
160 214.48114765586212
168 213.1545286967339
172 212.1870480019138
176 211.03267867943856
180 209.6433177665804
184 208.29162719292643
188 206.73244935921727
192 204.9825181371646
196 202.9883690113572
200 200.74334982401757
204 198.54063390236493
208 196.2039123027034
212 193.6874809881896
216 190.95380660229466
220 188.1064728205472
224 185.3004799471073
228 182.17205272490105
232 178.74231182584305
236 175.22762992009459
