60 179.5874819815935
64 182.5275690429638
68 185.75657096786657
72 188.73012376780886
76 191.77323778456588
80 194.69112837861553
84 197.47420832363557
88 200.05746454531524
92 202.4043743016497
96 204.4559305215239
100 206.25017161596597
104 207.7739316113184
108 209.04732433812242
112 210.37039705247238
116 211.61954608561075
120 212.60282595387372
124 213.45254174381
128 214.16908614036038
132 214.67594105356136
136 214.97601484505603
140 215.40299434796214
144 215.77963180371012
148 215.7549107983411
152 215.38213388646497
156 214.9129421083324
160 214.32699875971522
164 213.62906622974202
168 212.6886333095036
172 211.89391468988458
176 210.9256770258061
180 209.69215181078656
184 208.39948993897832
188 206.84898666968024
192 204.96561443171274
196 202.89532629989938
200 200.68825464014506
204 198.60504797107484
208 196.2349806686837
212 193.65984133431965
216 190.87929156417374
220 188.0637623575593
224 185.0627997061785
228 181.99417577126155
232 178.64492433076745
236 175.2898687446073
