60 179.7825764942606
64 183.0164396746576
68 186.4982385374473
72 189.85624885930775
76 192.7153156139736
80 195.55768113378193
84 198.17516587537472
88 200.49345511394506
92 202.51789302785775
96 204.49438238073924
100 206.42278434858503
104 208.10983513693552
108 209.54670829466409
112 210.84828670500312
116 211.81285481100014
120 212.84437280023246
124 213.81949482610003
128 214.4289440184248
132 214.93346001236773
136 215.28030019351232
140 215.54469389924415
144 215.83609285290663
148 215.80851944853137
152 215.64016441408057
156 215.28052180508092
160 214.72726400835288
168 213.06719868304592
172 212.14891650793192
176 211.0935735418727
180 209.83830388785827
184 208.35363267469035
188 206.6820924032571
192 205.01476919043395
196 203.14139265088787
200 200.87701652355787
204 198.5732169144389
208 196.1701614126233
212 193.60397574622596
216 191.02167803471184
220 188.10334293550957
224 185.30956505691364
228 182.31755450885643
232 179.161093989439
236 175.58292716453343
