64 181.75217271636626
68 185.49244859433537
72 188.48716302995862
76 191.52140984197976
80 194.34945306935435
84 197.0843843691339
88 199.72394240574414
92 202.0170859287997
96 204.0350076519166
100 205.94490166430143
104 207.70419145053265
108 209.13565401815015
112 210.50937147389317
116 211.5515826990344
120 212.4348950447884
124 213.24521367446937
128 213.8431562222277
132 214.398543935136
136 214.87801192507948
140 215.39696184877786
144 215.6875736062454
148 215.62006554879923
152 215.21761855679597
156 214.78038894386606
160 214.35475627102596
164 213.75028885597422
168 212.89881858574697
172 212.04394234894974
176 210.93191888910405
180 209.69425955946483
184 208.21255865440958
188 206.63150247601536
192 204.99332297243453
196 203.16936805995488
200 200.96111868725936
204 198.63633670435058
208 196.14927800822954
212 193.5414777322537
216 190.68091652080454
220 187.95865241045016
224 185.33667138657145
228 182.33181299564785
232 179.03947908499129
236 175.08172373962395
