60 179.068652467768
64 182.02981751686153
68 185.25959115123655
72 188.3686098616564
76 191.52443723905645
80 194.50069565638194
84 197.21473781379362
88 199.79074586397596
92 202.0798312003651
96 204.2422105900244
100 206.0758856750962
104 207.6852979690015
108 209.07848767703078
112 210.54231608521556
116 211.78521899147165
120 212.68837416680773
124 213.32350627547197
132 214.46411456325401
136 214.9503979104579
140 215.36593304409357
144 215.6207950560658
148 215.5865093726422
152 215.2278064404126
156 214.72328323183137
164 213.4028356774548
168 212.62782475109387
172 211.8465550940658
176 210.82118665590963
180 209.54405916130935
184 207.98246348569694
188 206.37989046743718
192 204.71605347726697
196 202.83496806507736
200 200.58738931222632
204 198.3690380844045
208 196.0800048141677
212 193.5214600366577
216 190.6218818778273
220 187.51621598698347
224 184.72275562454314
228 181.78475609327603
232 178.59684364404276
236 175.4176331109412
