56 179.04577508570424
60 180.181640527113
64 183.0551772535477
68 186.52345678072447
72 189.7928150430117
76 192.63260164862578
80 195.49207091702192
84 198.17284455681585
88 200.57767605744232
92 202.7053908911624
96 204.7014030037135
100 206.65906512995164
104 208.36751195366838
108 209.81212677022046
112 211.10930212343789
116 212.18408834627394
120 213.20186976710443
128 214.52334323667156
132 214.98235853791448
136 215.3203490291576
140 215.57489401875017
144 215.91254483849949
148 216.09206115745874
152 215.86016910374198
156 215.58367740474563
160 215.04612916806514
164 214.33503427797982
168 213.4529951637287
172 212.46019124251407
176 211.361111567846
184 208.6652122414456
188 207.14397228909166
192 205.35089903128016
196 203.4481789452078
200 201.3158731547
204 199.02249294749288
208 196.79499977984446
212 194.3095820000052
216 191.4603006451296
220 188.360957437133
224 185.56876315139692
228 182.66424776831616
232 179.4686048975944
236 176.0159616532904
