56 175.8027431027079
64 182.40922745118462
68 185.55430807731048
72 188.2145200826941
76 191.3138496291957
80 194.15429367587467
84 196.8780059388333
88 199.50473684109005
92 201.8093751718584
96 203.99586157390826
100 205.85799604620695
104 207.4429338964498
108 208.81368535696976
112 210.22747592391318
116 211.47871794561595
120 212.54610192091977
124 213.29071241143114
132 214.52123918844075
136 214.91846610546247
140 215.32948361692888
144 215.65771594068713
148 215.70789137280119
152 215.3541005441764
156 214.92056550441666
160 214.39429215808624
168 213.11398161824948
172 212.2028695115743
176 211.10620261914477
180 209.83655468480907
184 208.36249054772557
188 206.89790143867995
192 205.09487586491235
196 203.2072177257234
200 201.0878187296451
204 198.8637113256897
208 196.42658777259234
212 193.79358220614495
216 191.0079773117294
220 188.2837808843644
224 185.62874156876705
228 182.5341822033312
232 179.17831587359393
236 175.78266882127392
