60 179.3928623907318
64 182.51079865235133
68 186.1391026903591
72 189.60871209323065
76 192.6404242635327
80 195.32077330753637
84 197.84546808135997
88 200.29436964949173
92 202.45700300881654
96 204.4276191895393
100 206.25041085642047
104 207.86496636634536
108 209.2535121557055
112 210.5751555259894
116 211.64832319192266
120 212.6777909724751
124 213.47030553857843
128 214.1504071958479
132 214.5129334299948
136 214.77274902971885
140 215.19233085608727
144 215.6223415296102
148 215.66721782370547
152 215.27067627969683
156 214.9375623602367
160 214.43287903783795
164 213.80175241032555
168 212.95578440133522
172 212.01003983673803
176 211.0498579378687
180 209.62169257836186
184 208.0027552875417
188 206.23520467461455
192 204.55894164004087
196 202.71439834661186
200 200.46885041381802
204 198.27774556373436
208 196.00837218943877
212 193.4578750804514
216 190.56730437957538
220 187.73054135570885
224 184.8686610899202
228 181.8022542167126
232 178.33435140421537
236 175.10498005436648
