60 179.73952579348583
64 182.84892758012404
68 186.2010630920445
72 189.23850803615028
76 192.13509591407376
80 195.03315920369818
84 197.85182296805132
88 200.30056037223272
92 202.3575243055632
96 204.31139836105405
100 206.07413787118102
104 207.64816634182185
108 208.9202178595604
112 210.23886719900898
116 211.31356178744318
120 212.41289015524927
124 213.2826648824258
132 214.45374056453292
136 214.77854925984528
140 215.129739606942
144 215.47349883677893
148 215.53388021042707
152 215.0129247961828
156 214.63422292577917
160 214.18003732779826
164 213.589408024845
168 212.7195899718194
172 211.9207169779141
176 210.86789873712388
180 209.53657989809295
184 208.010769986276
188 206.25000493584938
192 204.46260992809255
196 202.53854299454093
200 200.4363566925419
204 198.23812202465254
208 195.86928371012155
212 193.12845922440843
216 190.35084051939631
220 187.56614999158694
224 184.72130910318714
228 181.6848573509567
232 178.37410578948317
236 175.2353091263278
