60 178.86080470436127
64 182.2173061699361
68 185.47310184725612
72 188.60459219247537
76 191.65016138132876
80 194.51807609467375
84 197.37254153729748
88 199.9838853537528
92 202.24964424579656
96 204.25333649709256
104 207.6055938508442
108 208.85955445118907
112 210.31937536584365
116 211.5305992154725
120 212.48824240372318
124 213.2796820463986
132 214.51948110913668
136 214.83396603806176
140 215.13680000210695
144 215.54877241248215
148 215.55638489610618
152 215.16475065843184
156 214.8062682380268
160 214.31706044748887
164 213.82112149473215
168 213.13158103252312
172 212.18158159060715
176 211.0137996231408
180 209.64807931366136
184 208.20766318568525
188 206.63032268540672
192 204.73329887081073
196 202.62686310189218
200 200.31795311785228
204 198.23324467294816
208 196.03552204758984
212 193.49529299776086
216 190.55940028280983
220 187.8517698248403
224 185.24903258710884
228 182.36820426103253
232 178.61582045781697
236 175.10111784487904
