60 179.79646922357787
64 182.81192339105883
68 186.22462026859955
72 189.52596495856523
76 192.4805083264565
80 195.42771944264945
84 198.13593862722695
88 200.5145277387214
92 202.56735296548425
96 204.46175050392162
100 206.34819294998215
104 207.9883296057332
108 209.27541405238213
112 210.6682363827308
116 211.81729394546718
120 212.9088656944774
124 213.62712203285574
128 214.29170094210738
132 214.71840170135178
136 215.02176517029073
140 215.34907868136608
144 215.7186731882584
148 215.8093583872799
152 215.61594953975737
156 215.24088707868964
160 214.67399218528615
168 213.38479917258235
172 212.42569527937562
176 211.30235942177345
180 209.80955633421985
184 208.11830698191952
188 206.3992997172973
192 204.56104435231725
196 202.73790050997732
200 200.67204774811682
204 198.47059883188868
208 196.1356667249415
212 193.58148108419738
216 190.73765329156933
220 187.91313558612921
224 184.97775675750742
228 181.76881632526332
232 178.51101617953807
236 175.4930048047583
