60 178.7458790743678
64 182.36562947276133
68 185.76285056801618
72 188.90411450946334
76 191.97623178634385
80 194.93299700118746
84 197.5799493074561
88 200.1833362327795
92 202.41361105644933
96 204.3410645156014
100 205.94917421045847
104 207.4431892767222
108 208.86738768593347
112 210.2202417393974
116 211.42911777570703
120 212.63609068024817
124 213.4266279638336
128 214.16858110003534
132 214.64841127242516
136 214.89635132230597
140 215.20979809353042
144 215.4400797164596
148 215.52203603626052
152 215.18236178750632
156 214.86889693582506
160 214.375847408296
164 213.79820247971472
168 213.02134393893715
172 212.1985396746088
176 211.0662348430979
180 209.7242554645363
184 208.23027530269056
188 206.58474490574457
192 204.91358164536473
196 203.09401697942775
200 200.82901546380745
204 198.49486645325823
208 196.13169612518766
212 193.66122116917066
216 190.9879397307209
220 187.99464555463345
224 185.23444856648928
228 182.1345326491321
232 178.80402118239112
236 175.3817199230861
