60 178.7046608063859
64 181.67642839404067
68 185.1389090990306
72 188.30352640592602
76 191.48745498987097
80 194.52807374032716
84 197.43270082771878
88 199.88339775954267
92 201.99605621401813
96 204.0552108923494
100 205.8265625224985
104 207.44241491348933
108 208.83408506788106
112 210.1672209509004
116 211.3510696964322
120 212.41665339554297
124 213.3165537988648
132 214.51127179679028
136 214.85832589632102
140 215.2943651120607
144 215.43908398369862
148 215.1796039600049
152 214.9971056447479
156 214.63783292421115
160 214.14897505176648
164 213.45343028013983
168 212.5993514746631
172 211.869393828938
176 210.79078694722708
180 209.46437080710407
184 207.96780350726533
188 206.36249894986796
192 204.77837452832716
196 202.9112933918247
200 200.53941859936918
204 198.17902681354522
208 195.87839893562207
212 193.42003818803667
216 190.82591605344987
220 187.90088257909554
224 184.9371598706895
228 181.8705759314122
232 178.51746331532294
236 175.20348507711176
