60 176.9734837781104
64 180.765738136757
68 184.58575853736357
72 187.7159302345073
76 190.6937251239662
80 193.76894534904616
84 196.54148092803865
88 199.04823710927252
92 201.12456897564712
96 203.2731619839064
100 205.24538266894302
104 207.04371416171318
108 208.49795591386734
116 211.236034966233
120 212.07865866116788
124 212.76740761795872
128 213.41586901392327
136 214.45086724418888
140 214.74153556939777
144 214.66750587392414
148 214.72040362667724
152 214.5527612001381
156 214.35827051068182
164 213.33753224674135
168 212.46581858466544
172 211.68358668795906
176 210.51325459172975
180 209.1361284834965
184 207.66942338408376
192 204.11327470985063
196 202.29490507965846
200 200.11333130213742
204 197.88918057824964
208 195.57447398048842
212 193.02114889844412
216 190.3184146913402
220 187.34845543498477
224 184.55666360704686
228 181.60664090822405
232 178.2424423930024
236 174.68660896634947
