60 179.44266268524603
64 182.3843705326528
68 185.7681847844207
72 188.7787499435375
76 191.84785661816647
80 194.778749434671
84 197.57127654328303
88 200.13873688944062
92 202.34262173471436
96 204.30893461928127
100 205.94362360953005
104 207.5793311361099
108 208.9640450324533
112 210.33253808094102
116 211.48427173948272
120 212.56010591957215
124 213.35256028617977
132 214.58951798051072
136 214.87249070425827
140 215.18672185263745
144 215.60591869480396
148 215.61134927401963
152 215.18915928120836
156 214.961875106214
160 214.4184277353639
164 213.66861761532863
168 212.7653453971152
172 211.9269230725955
176 210.85377187171588
180 209.66490393548025
184 208.18515358542385
188 206.4484860330752
192 204.63115738368737
196 202.70253872392334
200 200.53263256449776
204 198.34182602491083
208 196.13463190046673
212 193.69152224584494
216 190.74279635332584
220 187.92419986872454
224 185.32779042599117
228 182.3312482164775
232 178.7123745205912
236 175.1624476063961
