60 179.4518551116712
64 182.33086073375273
68 185.4780737441888
72 188.30622679182386
76 191.40139127316831
80 194.43077064414825
84 197.4130661041373
88 200.17341329278625
92 202.31453865775163
96 204.20034357222573
100 205.90234740180244
104 207.5178823957035
108 208.94349051619184
112 210.31563527226677
116 211.45292876654204
120 212.51163962458972
124 213.35666450919192
132 214.43260803241606
136 214.70855778671603
140 215.12165716202188
144 215.37331921739604
148 215.45322823042574
152 215.11494038803798
156 214.98644753839767
160 214.46554483429736
168 213.1547264604433
172 212.2663174090862
176 211.12120745691928
180 209.8636057706431
184 208.4857561430366
188 206.92572168094128
192 205.11870792924321
196 203.13223673557724
200 200.88965838852448
204 198.5534343750005
208 196.01731576324616
212 193.41463281517017
216 190.7619495081084
220 188.0989836732556
224 185.47497506826525
228 182.45299765477404
232 178.93753271659557
236 175.53644778464565
