56 178.70080645159075
60 180.28213588867453
64 183.3679590106447
68 186.53181178382275
72 189.44764400172727
76 192.2848986380255
80 195.1108002861265
84 197.83262415668472
88 200.29933260857646
92 202.47066459008187
96 204.3896821871443
100 206.28198275114596
104 208.00149891186692
108 209.26974742826582
112 210.53514711341654
116 211.68845605833707
120 212.71100074664122
124 213.44344641208446
132 214.5984086955176
136 214.88411344928383
140 215.24502656291335
144 215.60403632285906
148 215.68560108792232
152 215.35350987965793
156 214.98339554639443
160 214.4347142306014
168 213.15898730555307
172 212.16474830701836
176 210.9581885165793
180 209.51572765839828
184 208.02953269897685
188 206.50530995821646
192 204.85417569191355
196 202.92775430077018
200 200.71697978697995
204 198.4900736942365
208 196.14680685589286
212 193.75046927119396
216 190.92132693491794
220 187.98077017910845
224 185.13865606627172
228 182.18923564691937
232 178.71358208802815
236 175.29655554877274
