60 179.6715174451562
64 183.08356430501448
68 186.80966582679758
72 190.16700998092077
76 192.9158735540462
80 195.66927283945358
84 198.43394008140123
88 200.87301885098043
92 202.94684284610005
96 204.97805880370078
100 206.8743425231796
104 208.5418790654851
112 211.24239728500112
116 212.25394023552866
120 213.30899720184343
128 214.78200694701033
132 215.21626758762943
136 215.71226833943064
140 215.80856568051001
144 216.11172668700246
148 216.1398381398965
152 215.98434959275028
156 215.649172905476
160 215.19365756878892
164 214.67551386595127
172 213.011181073562
176 211.91216542265002
180 210.59809959755242
184 209.13478559589387
188 207.4712206566579
192 205.58403546551665
196 203.6489359795197
200 201.57061152917677
204 199.29288071815043
208 197.09163788614603
212 194.68537040651094
216 191.81829013407457
220 188.7766882419268
224 185.83829661731193
228 182.78429475012382
232 179.55460306842525
236 176.52155192161194
