60 179.33431202830275
64 182.80157622005788
68 185.9379818296697
72 189.05131694765697
76 192.10638109159464
80 194.96829086392498
84 197.63963819356604
88 200.1894511982582
92 202.37955387339034
96 204.36470592605679
100 206.1957084174536
104 207.86169319725354
108 209.0366964159988
112 210.46412632045337
116 211.59615730941977
120 212.60332290674768
124 213.49706727577578
128 214.3042904375545
132 214.72337201414246
136 215.04399671914206
140 215.31037355312665
144 215.73783358503044
148 215.83094154588414
152 215.5733986850463
156 215.18644215379675
160 214.60658139632278
168 213.22614394799774
172 212.2969765923064
176 211.30268837952755
180 210.10419495128832
184 208.5017183519052
188 206.76872740555834
192 205.00232842094584
196 203.07600389493356
200 200.82697275636238
204 198.55558114568103
208 196.19026010539713
212 193.7058314243971
216 190.93238713014446
220 188.06094274386618
224 185.14731667457795
228 182.2438192592094
232 178.9238400500251
236 175.6090582898061
