60 179.25238987192472
64 182.37548198264352
68 185.80240696618267
72 189.20138572459422
76 192.1846219368702
80 195.01048177128195
84 197.68614977971444
88 200.26255048809637
92 202.42465651741276
96 204.4224507739449
100 206.3435788661323
104 208.03489440920234
108 209.3577390041398
112 210.7666235088857
116 211.85802764396374
120 212.85728451264228
124 213.716669486009
128 214.3718391052942
132 214.8105030717757
136 215.2706828697363
140 215.52871647112795
144 215.90108287282416
148 215.8992917326138
152 215.6685403457553
156 215.3032016430273
160 214.718824695713
168 213.41368024441715
172 212.59747549571694
176 211.52643163194688
180 210.14364417039593
184 208.6185209488071
188 207.05705226027627
192 205.1437903500423
196 203.2214844384356
200 200.87724669954144
204 198.57920507525512
208 196.2251798919743
212 193.73182343506485
216 190.9171138098101
220 188.0363574400394
224 185.20029339895103
228 182.07183936131577
232 178.67938100190693
236 175.53078935935002
