60 178.14053667689797
64 181.61729584512256
68 184.91536699692523
72 188.37917448607652
76 191.4679047877487
80 194.25099697853202
84 196.86022527799753
88 199.1838762825131
92 201.3651696206138
96 203.36585565420782
100 205.09438887615056
104 206.86441260466253
108 208.53074699355193
112 209.93641324345722
116 211.00358416989815
120 211.91583528678035
124 212.75381960579924
128 213.46831523908705
136 214.24707618002535
140 214.45421747814277
144 214.56199478380466
148 214.4600923371797
152 214.21015170991956
160 213.51543031076397
164 212.81604759644134
168 211.98372089440704
172 211.10827260528833
180 208.75805278473382
184 207.1701789398694
188 205.57483126407266
192 203.8276020929541
196 201.94056450454804
200 199.8072071422512
204 197.4701898344522
208 194.92353037419974
212 192.2988587432386
216 189.53551621386563
220 186.89331922224142
224 184.17806329841335
228 181.53617001679794
232 178.49218979469111
236 175.2562022636643
