60 177.23974210716096
64 182.17703363112696
68 185.4644736790678
72 188.49144178759383
76 191.38146906457865
80 194.3278015619968
84 197.14671129384124
88 199.63449013265725
92 201.73751685034668
96 203.81782647665932
100 205.7711395483122
104 207.5808825363069
108 209.01152277960207
112 210.28928855310954
116 211.2551848577497
120 212.15112781665908
124 212.96019913154856
128 213.7481466839261
132 214.27329688971082
136 214.4798305563229
140 214.54169548561367
144 214.5652213501019
148 214.52961817885574
152 214.43749923702148
156 214.26272583988077
160 213.79532813404853
164 213.12076461464167
168 212.24334311054727
172 211.44159359692753
176 210.44592225368748
180 209.03854225469297
184 207.4179122852346
188 205.7699672049808
192 203.98452017420874
196 201.88311355939953
200 199.49475530524052
204 197.38804441161392
208 195.33188114678077
212 192.77319392410857
216 189.83669689547742
220 186.87157904295992
224 184.10713479386087
228 181.43046984580758
232 178.68344309078606
236 175.276494213898
