56 177.42377242230307
60 179.66589943555036
64 182.9295902038436
68 186.58546285522885
72 189.73285791627455
76 192.59876175200665
80 195.4121599632357
84 198.12563897681454
88 200.64214775842115
92 202.71646816482834
96 204.66304802954227
100 206.43816405675884
104 207.92385446839813
108 209.29320529316595
112 210.81535765021906
116 211.89961246658734
120 212.84831988776983
124 213.61661354783132
128 214.2049859742731
132 214.68900948301916
136 215.05852446591828
140 215.41488361960842
144 215.7535433718361
148 215.86256408844818
152 215.60300119405892
156 215.19440063110633
160 214.49087748048441
164 213.81780919617847
168 213.08224453482276
172 212.2045333547702
176 211.11603288474228
180 209.82946414854553
184 208.32289921906073
188 206.67341611336897
192 204.70878354078067
196 202.5965844263426
200 200.4066135020076
204 198.2992493846554
208 195.9602322804538
212 193.44904286968602
216 190.75890305834628
220 187.93080596128283
224 185.17325489266273
228 182.115136884148
232 178.49715372259828
236 175.28920868192915
