60 177.05067795334315
64 181.00856781058485
68 184.65188665786195
72 187.80076136011357
76 191.07170385131028
80 194.1705009007926
84 196.8599366428591
88 199.23597703276573
92 201.35374821091804
96 203.2427506383396
100 204.95133736042453
104 206.70363371840267
108 208.6485933650194
116 211.10552896810978
120 212.07060068855517
124 212.8037936691928
128 213.50594358961564
136 214.38466457303414
140 214.44600111817408
144 214.48368396154368
148 214.40841376369752
152 214.32649521242723
156 214.12015191300688
160 213.6914891777766
164 213.0232353362709
168 212.14096044355097
172 211.2537207418261
176 210.2263374431643
180 208.8977496964829
184 207.40466008058542
188 205.65713178238616
192 203.84462397824637
196 201.8172240909688
200 199.61917845573834
204 197.47419085939208
208 195.20607466801053
212 192.65297096213646
216 189.80991136229775
220 186.79545597886053
224 184.14246812472567
228 181.38876797421958
232 178.46515203535677
236 175.271637850712
