60 177.65114077219147
64 180.98051624077505
68 184.528405556923
72 187.58931480694048
76 190.54428428154557
80 193.49097996084197
84 196.1731971054011
88 198.41056720516815
92 200.45770478528232
96 202.4728813591632
100 204.3351683930593
104 206.10028555604265
108 207.51286380950313
112 208.86230377369748
116 210.0795202419487
120 211.22410364414148
124 211.96463367104187
128 212.72122944685987
132 213.1153451371681
136 213.47359417220554
140 213.7303094352554
152 213.72919122865366
156 213.36687736835842
160 212.79278404521534
164 212.05623487260104
168 211.2439317119426
172 210.40287137810896
176 209.44221194254195
180 208.14697037136182
184 206.6281077514603
188 204.8320518949689
192 203.03482471620964
196 201.1313320741969
200 199.1246150554038
204 196.87499049798075
208 194.35527744730103
212 191.87521930710358
216 189.2203756136309
220 186.42332084207987
224 183.2820609347272
228 180.6541380517863
232 177.65397795964705
236 175.02024992525426
