60 178.82952466782103
64 182.4144435263548
68 185.9892532434017
72 189.27312960641126
76 192.38852124364237
80 195.35979067756895
84 198.1421654600949
88 200.57269529365954
92 202.64825376125899
96 204.48212182519407
100 206.31283532935583
104 208.1081422426214
108 209.79497608173116
112 211.15484724393153
116 212.21691929968424
120 213.16798455379393
128 214.63470813069034
132 215.16859406752525
136 215.67215198097415
140 215.83351869376565
144 215.87991530399879
148 215.88351149381702
152 215.74518924936183
156 215.39859698964858
160 215.001292631279
164 214.37027273307552
168 213.56792193663358
172 212.59416040435036
176 211.47910479864427
180 210.1913971520233
184 208.83589614322435
188 207.3554773364397
192 205.39620818831145
196 203.4804876649299
200 201.31783525109554
204 199.17886649762733
208 196.75573848088516
212 194.19720299817934
216 191.40971894141808
220 188.32096751004988
224 185.6344290388938
228 182.68521587160689
232 179.51267616143824
236 176.5049734025339
240 173.8632744363121
