60 179.34041555322398
64 183.15840092868342
68 186.43647760762727
72 189.5585799527555
76 192.5469718667416
80 195.60966096431656
84 198.2129125704457
88 200.41098864414195
92 202.51311621493977
96 204.48471219953527
100 206.56969127581766
104 208.36069870217858
108 209.79170997925286
112 211.09234375064335
116 212.01371190287557
120 212.94880486065009
124 213.68908369147823
128 214.42986967863098
132 214.93176821726126
136 215.48305119875295
140 215.77593819831404
144 215.9920005370173
148 215.97093972726947
152 215.65652298802758
156 215.32434437690748
160 214.7947383466223
168 213.2099526715193
172 212.2122045677887
176 211.1145278611672
184 208.65076171438616
188 207.0797959836242
192 205.3067931656778
196 203.48185261492873
200 201.30639014820363
204 198.849511456612
208 196.34978287498888
212 193.7990486495722
216 191.06522813848227
220 188.14956335507176
224 185.48725703038178
228 182.767786117889
232 179.78861473351978
236 176.64217670123668
240 173.67639221301783
