60 179.52856669119387
64 182.81282785042805
68 186.47584661173187
72 189.72196992720671
76 192.62559067807848
80 195.44547401928463
84 198.23713941382644
88 200.73097670355705
92 202.91150217069793
96 204.99842900876442
100 206.86731828403168
104 208.64806807472058
112 211.2620325230047
116 212.40084702547034
120 213.4850461881365
124 214.2972697903635
128 214.877939073635
132 215.3537627417017
136 215.79726167993772
140 215.97276209680052
144 216.09485278258327
148 216.04435204324227
152 215.9315456641862
156 215.5300422057343
160 215.0814536812436
164 214.5290728344363
172 212.9744886786082
176 212.0041178985671
180 210.62960167284803
184 209.1606624207891
188 207.53284545038758
192 205.6823015992207
196 203.65685908480424
200 201.7023027948175
204 199.54324144373217
208 197.1011395380003
212 194.49449793137242
216 191.51872678542475
220 188.14192029335868
224 185.52227043932157
228 182.59649300829278
232 179.5016377032279
236 176.51818042689558
240 173.71092661594412
