60 177.28034776664595
64 181.4828058430506
68 185.16683142498698
72 188.17666161872546
76 191.29555590775476
80 194.24884745797158
84 196.91203109895878
88 199.37961664367933
92 201.5702235388193
96 203.6358721804713
100 205.5313663358488
104 207.2706878572168
108 208.75387379918476
116 211.18730348888033
120 212.1342592567031
124 213.05673885871002
128 213.81564748072734
132 214.34556358476434
136 214.56448439104756
140 214.6264590711977
144 214.67712523787563
148 214.6410886147275
152 214.54670697410694
156 214.40098228858608
164 213.4231140301857
168 212.64977338142418
172 211.7247896725629
176 210.64230366381548
180 209.25549576568486
184 207.76938689177783
188 206.0431472569911
192 204.24984887360958
196 202.27889409974944
200 200.0870073062158
204 197.9106451011043
208 195.49832165094293
212 192.86303946366536
216 190.00641255362615
220 187.20863570171622
224 184.50619213851957
228 181.80853376793186
232 178.7426911732228
236 175.61355038630842
