56 177.0220823656517
60 179.33957537520934
64 182.94630591853735
68 186.54311199832622
72 189.84049654680996
76 192.73025554288088
80 195.52992052170723
84 198.2200399204826
88 200.71355327630522
92 202.88699879808962
96 204.8551934513037
100 206.82585592943968
104 208.61085507861551
108 210.12886631482633
112 211.38235012325674
116 212.59961480148382
120 213.4255510933985
124 214.1937231511341
128 214.88017155423447
132 215.40788214881695
136 215.85006148484723
140 215.97852778120688
144 216.10991522848917
148 216.07633026442443
152 215.91145570983755
156 215.57374394581177
160 215.2079463434082
164 214.58786154909004
168 213.8443839452266
172 212.8858843581389
176 211.7618887981881
180 210.52914395005445
184 209.06758348755784
188 207.46308072051738
192 205.6564887875155
196 203.64797256457734
200 201.45618198159696
204 199.02756872912192
208 196.5170179409132
212 193.90401688138243
216 191.2173605033446
220 188.1756441706039
224 185.44468988587494
228 182.40792416909935
232 179.2911005281491
236 176.2226434120211
240 173.4172746508794
