60 178.9229154508518
64 182.97926985253366
68 186.18807155333937
72 189.14520202403583
76 191.96984396962415
80 194.78134995628952
84 197.64775598142285
88 200.22723118898531
92 202.40725176217148
96 204.37476968506692
100 206.1376667416148
104 207.74660633731224
108 208.95662490358654
112 210.27710026988754
116 211.4651858057013
120 212.67366331242886
124 213.52363415592447
128 214.1665607873142
132 214.677910845135
136 215.19696281597217
140 215.52349004197424
144 215.74872807288577
148 215.71216141867242
152 215.44726566287352
156 215.04721875676566
160 214.52144431213682
164 213.80555305038
168 212.9753440713019
172 212.1251533528715
176 211.0698423185013
180 209.76022246207503
184 208.27150520021624
188 206.73830799210796
192 204.9479335155625
196 202.85444602293657
200 200.3924960515743
204 198.1618888636012
208 195.93965550558661
212 193.4515499422755
216 190.76362513991154
220 187.63269713437347
224 184.6220085546519
228 181.64901069102228
232 178.92448699649043
236 175.87594400926184
240 173.57793388364757
