56 177.0117559129386
60 178.8991195761668
64 182.2978424954952
68 185.79491686937172
72 189.20268237387077
76 192.3215377354067
80 195.30412079111065
84 198.0788067365218
88 200.4289364958561
92 202.50993328157375
96 204.56139452686932
100 206.39226527548192
104 208.26546138597254
108 209.80367674432955
112 211.19693258897888
116 212.2253492815404
120 213.2871132294216
128 214.53777920984993
132 215.10502574380308
136 215.58844450140782
140 215.77667045186877
144 215.8596437322378
148 215.85592970766336
152 215.62811746643644
156 215.32127058903046
160 214.79895244422795
164 214.27154887803223
168 213.580340210893
172 212.6779212888123
176 211.4251772059336
180 210.11910309833192
184 208.72989630821132
188 207.11555376972328
192 205.25795795205659
196 203.39722402027184
200 201.34171838159696
204 199.03223589240645
208 196.4881346257834
212 193.7157539375863
216 190.94842957710188
220 188.12084061114643
224 185.3833105325915
228 182.1670297762421
232 179.0575074274351
236 175.99231916301073
240 173.49050765140203
