56 176.32941341928182
60 178.8234376630781
64 182.37044718692357
68 185.83970969204725
72 188.93225907967877
76 191.91438627801554
80 195.06661356816733
84 198.03488704020364
88 200.4423268439532
92 202.63288635351935
96 204.5787092839533
100 206.43929090637852
104 208.09300323624993
108 209.3940582396008
112 210.73063173067334
116 211.83958790425268
120 212.98814395693876
124 213.79874629202988
128 214.58072313432288
132 215.18519088357846
136 215.6561293456227
140 215.7756601183479
144 215.83875566169
148 215.85970262868912
152 215.72145107417478
156 215.43405996038896
160 214.94511512771285
164 214.30339663146754
168 213.543270732819
172 212.7042115321419
176 211.62984801134925
180 210.3094283328097
184 208.89642146381286
188 207.4984700797247
192 205.709256009655
196 203.6469730587953
200 201.41286790239556
204 199.01049680753573
208 196.60731607769995
212 193.98718721859296
216 191.09741716994446
220 188.08586000741764
224 185.41228281349177
228 182.44683136129748
232 179.44639090622024
236 176.6362849970222
240 173.80731692518327
