60 178.60352277712624
64 182.12936467381584
68 185.2273866068384
72 188.1762941600627
76 191.3912174773757
80 194.3509007034308
84 196.95073075709703
88 199.49061577173015
92 201.9039385020215
96 204.06836890994913
100 205.9840280069831
104 207.6740039742434
108 209.14418982680758
112 210.6344747125657
116 211.71976349770648
120 212.64806999048375
124 213.36986918787142
132 214.53181178242272
136 215.00666695639163
140 215.42491666639816
144 215.76275000338447
148 215.64162539764112
152 215.45155078139237
156 215.11693613116404
160 214.6519043216436
168 213.33353669128914
172 212.44504937801918
176 211.19662095262493
180 209.70315251449458
184 208.32048981991022
188 206.97829047961505
192 205.19727203543022
196 203.25386738670292
200 201.00504944891313
204 198.81528045852355
208 196.44668725164044
212 193.741481118551
216 190.89972908095223
220 188.0526194772646
224 185.34124740367963
228 182.26984684419318
232 178.9572732044079
236 175.73410442732256
