60 177.50557759895008
64 181.21289466692443
68 184.51383943346585
72 187.8700960607106
76 191.16672223551595
80 194.20534212602223
84 196.91120583728042
88 199.4893112268947
92 201.792794126809
96 203.80264387830906
100 205.4523745282433
104 207.1428945510669
108 208.68247814131928
116 211.03784802794604
120 211.90497705472535
124 212.87468488794
128 213.6517347362681
136 214.31884388557796
140 214.5185606047525
144 214.6298383347878
148 214.70613009431224
152 214.6983278599322
156 214.50984204690226
164 213.47823709597782
168 212.74478975157393
172 211.93438871149505
176 210.883535378719
180 209.64042117507012
184 208.25868907342812
188 206.52672166142395
192 204.60146895494913
196 202.55366697366787
200 200.45305523135613
204 198.24855487411662
208 195.69051511449499
212 193.04458027179965
216 190.44615098666742
220 187.64214550219307
224 184.74993031255036
228 181.70001373196018
232 178.84319093977246
236 175.8993799736669
240 172.99802727631868
