56 177.18215208954103
60 179.24515347269823
64 182.7485998574105
68 186.49037937778894
72 189.580211361988
76 192.48043044580442
80 195.45544127188936
84 198.2198063135436
88 200.6070970914314
92 202.73758202774502
96 204.71280358815306
100 206.72461297628007
104 208.45404394591966
108 209.91541309925282
112 211.24461158258657
116 212.2256474760118
120 213.30072852835428
128 214.4851601765729
132 214.99583034201032
136 215.57148907844925
140 215.86696748579902
144 215.9590720218991
148 215.92084268916372
152 215.6468630059764
156 215.3680400828728
160 214.83201620552612
164 214.26287815147654
168 213.52591970532436
172 212.47876930936118
176 211.37597782487174
180 210.2809471554208
184 208.9485127857078
188 207.37363064000255
192 205.57994627559248
196 203.6014405190488
200 201.46248640376922
204 199.08559535603075
208 196.6890604771358
212 194.21562092328716
216 191.3237380505516
220 188.05689835686013
224 185.18589426706527
228 182.0257889417963
232 179.03064323289215
236 176.17994307055164
240 173.7589854684828
