60 177.88789518613913
64 181.29466082417775
68 184.88901035243617
72 188.17152120686956
76 191.411716140108
80 194.45077314712654
84 197.1543224819273
88 199.6451405626697
92 201.91412178171043
96 203.79123205000042
100 205.4110107037581
104 207.04668080950051
108 208.57539094483042
112 210.1640474995433
116 211.34282514129177
120 212.35637991028347
124 213.2031432313795
132 214.38165275290777
136 214.6432921318107
140 214.94851968043676
144 215.3727891682318
148 215.49664525973475
152 215.2353467654408
156 214.8402936195345
160 214.37142951843853
164 213.7911679054406
168 212.9573955993812
172 212.1444128004521
176 211.11926447148085
184 208.46924780110595
188 206.80573382148336
192 205.00847970550456
196 203.21135032185254
200 201.06585656285537
204 198.69350315405708
208 196.14875080521003
212 193.58599650000338
216 191.03482124833104
220 188.14528978827616
224 185.54878825245478
228 182.54688657107033
232 179.36444428570192
236 176.36052656537333
240 173.57919935313265
