60 178.5790674842741
64 182.2114230789093
68 185.3909065605371
72 188.3603864984845
76 191.42307815145384
80 194.39283181925362
84 197.19943533952522
88 199.7510446278739
92 201.95688121193928
96 203.9811209008226
100 205.84363872432647
104 207.661542814386
108 209.04374044108943
112 210.43038702690754
116 211.52078316467467
120 212.4476969121099
124 213.3377108072911
132 214.5128353679414
136 214.89192163087938
140 215.25559919236454
144 215.58872378101225
148 215.62240277779907
152 215.41143901817185
156 215.02310233615538
160 214.50609058394184
168 213.15056172396834
172 212.30147892945797
176 211.14207409078077
180 209.88018401583875
184 208.4561417655623
188 206.8486572350555
192 205.1621032614674
196 203.27027988282765
200 201.0278287881925
204 198.63453279010506
208 196.1012590806252
212 193.44829100025333
216 190.70039342962872
220 187.92189461518467
224 185.20737629870126
228 182.1123227918012
232 179.31255349211764
236 176.52763532348456
240 173.86859675532617
