60 177.6351449306665
64 181.30201752243363
68 184.5438471760552
72 187.9256101369957
76 190.96940760134348
80 193.90656069710974
84 196.60898405004048
88 199.03162410723007
92 201.1138569331875
96 203.235213749485
100 205.05619630310912
104 206.89784204496075
108 208.2592707741561
112 209.55214717981755
116 210.71416083758112
120 211.82439752204365
124 212.75048585320368
128 213.54309602095384
132 214.11598371153073
136 214.36380243769216
140 214.46501826676808
144 214.51973202690453
148 214.55170471263415
152 214.47426651022033
156 214.3205627777659
164 213.57649336794088
168 212.91083175211796
172 211.99636847821563
176 210.8395481149873
180 209.44585094508736
184 207.9250256894202
188 206.24502001490174
192 204.50637477438102
196 202.50240979596208
200 200.423142679997
204 198.3167305662906
208 195.9298887582147
212 193.43757215604944
216 190.79488093961365
220 187.84115887265423
224 184.57633699232724
228 181.6367246343015
232 178.92734644579167
236 176.20022634560604
240 173.1110953667765
