60 178.4615957741321
64 181.49948863171093
68 184.83837555249426
72 187.88872393276836
76 191.00896140273278
80 194.14908581798642
84 196.8713126464818
88 199.39753141443643
92 201.55977995415307
96 203.5857672265261
100 205.32255044875905
104 207.0900886572008
108 208.48126607076688
112 209.8263512034245
116 210.89456617813977
120 211.77577226668893
124 212.7447702977338
128 213.5359355700572
136 214.3879231670789
140 214.56285910814182
144 214.60982657585657
148 214.58048721224893
152 214.57685041533188
156 214.4208207185847
164 213.53922579172234
168 212.73536548691266
172 211.69410117392835
176 210.4848896520534
180 209.2394270966876
184 207.8942921106857
188 206.18766864900226
192 204.3291879419334
196 202.36487711235924
200 200.20768457591308
204 197.99677172143086
208 195.5682087696932
212 192.9567479452494
216 190.272728777841
220 187.22514891892308
224 184.4803452193192
228 181.56704329356648
232 178.7190437834841
236 175.7148918924746
240 172.85070061883792
