60 177.58171723249285
64 180.71407163952836
68 184.08301867035541
72 187.48286420205582
76 190.89114566552024
80 193.96209131883404
84 196.51713996751548
88 198.92118674340347
92 201.07431591857184
96 203.2393496528215
100 205.10847195328773
104 206.79203075481036
108 208.2717946610798
112 209.75561491693645
116 211.0968515418258
120 212.03765419394352
124 212.99331888836105
128 213.63243769248749
132 214.16457095012652
136 214.4374222913498
140 214.60469141187488
144 214.80614427648018
148 214.928334180472
152 214.9267786194572
156 214.74554975549012
160 214.32571473425384
164 213.62146932890934
168 212.83326231730888
172 212.01813693917023
176 211.03186817721698
180 209.90512169009583
184 208.52964161732567
188 206.88627314602678
192 205.0735036286432
196 203.13896481256947
200 201.02487848909632
204 198.77171374638277
208 196.248954265927
212 193.71691342275994
216 191.1528516034755
220 188.28559810552287
224 185.53185104704716
228 182.50493797283696
232 179.34897686303594
236 176.47395919769156
240 173.64725115860904
