56 177.05107393520575
60 178.75440061472784
64 182.35294115570912
68 185.95683693421222
72 188.95886331328512
76 191.88195165920814
80 194.64400919476353
84 197.36564198389817
88 199.87121576322755
92 202.17410967174598
96 204.143403868813
100 205.906287034818
104 207.534339976612
108 208.90970612422154
112 210.26220951863007
116 211.44194434977078
120 212.61784384024276
124 213.48839330339004
132 214.4820620841554
136 215.03126163511143
140 215.41878129877972
144 215.779007052778
148 215.7484525422486
152 215.50233260572244
156 215.13476781319167
160 214.5316497709673
168 213.09368122409245
172 212.2140789003931
176 211.0287624799692
180 209.76005571323117
184 208.426449373641
188 206.92534509913574
192 205.0646245365238
196 202.98338435428417
200 200.77328597051127
204 198.45755144626833
208 196.00606671068192
212 193.44589334591547
216 190.7556132414546
220 187.96070997872025
224 185.1285413589807
228 182.03289780273548
232 179.21683185022582
236 176.30325403757706
240 173.77199766657188
