60 177.32778381768043
64 180.15622455066386
68 183.79166197045095
72 187.33065873224618
76 190.31869451591578
80 193.09723995920572
84 195.68825639033446
88 198.22518561657594
92 200.60331070002195
96 202.7551934161327
100 204.6650310310477
104 206.4120087708261
108 207.84314779191928
112 209.06375971630092
116 210.3122852692341
120 211.56476817676972
124 212.41049104911315
128 213.18543635228195
132 213.77166040158616
136 214.15227655668454
140 214.40093943944862
144 214.5150054047569
148 214.57385755002363
152 214.52932597206313
156 214.29636205633798
164 213.45539243990783
168 212.7871552505452
172 211.86029292939156
176 210.69245672884347
180 209.1526888241496
184 207.76368827548552
188 206.3333813670358
192 204.71845018592037
196 202.86736267781237
200 200.68873598561444
204 198.44199532430838
208 195.99117940897378
212 193.42060884609364
216 190.70509763069606
220 187.9521139488282
224 185.0875557884537
228 182.1724644802141
232 179.09349481595714
236 176.38862330832382
240 173.40455228922002
