60 176.33194564492612
64 179.5071725163869
68 183.09171719305562
72 186.60432185271333
76 189.93980618965452
80 192.86144045080178
84 195.57892109705455
88 198.08729412119413
92 200.3534967943376
96 202.39702844475602
100 204.40276514360437
104 206.19338644730948
108 207.56807401131155
112 208.85192022873778
116 210.0266596498048
120 211.19549393788446
124 212.005994691822
128 212.86060717466168
132 213.4683359026636
140 214.16175756366326
144 214.30475015561007
148 214.32330312976956
156 213.86973387071131
160 213.4357377772416
164 212.83592767471998
168 212.14804134015804
172 211.1891653373702
176 210.15214394324374
180 208.9410810238827
184 207.5698603293042
188 206.09904708488756
192 204.3888926840016
196 202.40899220900738
200 200.1819779763698
204 198.07567358919
208 195.86306153183963
212 193.30072684173575
216 190.47730360115492
220 187.60065907240204
224 184.81406793907814
228 181.97327308857336
232 178.87143201437465
236 175.59482020412406
240 172.42962958449658
