56 176.74550078026033
60 178.84321344984698
64 182.21960678330788
68 185.64638367745943
72 188.75040779061897
76 191.72881046984168
80 194.59164031723972
84 197.4337760453405
88 200.06129010484966
92 202.29572431320332
96 204.29691022007017
100 206.18174634271577
104 207.7142879974639
108 209.1418122719411
112 210.46996849804978
116 211.69053166734162
120 212.7058553980586
124 213.39248625386608
132 214.50864528158485
136 215.06125154940338
140 215.3950399433456
144 215.71400428221003
148 215.71523058064548
152 215.5396544277657
156 215.15843787314859
160 214.50966042039266
168 213.10225594304768
172 212.27269163748795
176 211.14765935719078
180 209.81166654841059
184 208.51617363685097
188 206.98680499126735
192 205.2235586067109
196 203.131274054002
200 200.82628335754737
204 198.548222915324
208 196.24296740313673
212 193.68831121900908
216 190.79468804913873
220 187.78849886586664
224 185.09448227442778
228 182.24641996176433
232 179.42373431138566
236 176.59615173954228
240 173.88452524060114
