60 177.50167625970295
64 181.22173255559738
68 184.6351029894025
72 187.90340607739938
76 190.93512739848575
80 193.71608405108105
84 196.2951121279001
88 198.6681562130342
92 200.84075978980835
96 203.1058493637896
100 204.98140635380233
104 206.7503408274401
108 208.25460208823975
112 209.665017886138
116 210.8971874601328
120 211.94340527004695
124 213.0178543721689
128 213.65504421142825
132 214.1804966894252
136 214.64816315710382
140 215.00891479270214
144 215.12292483173013
148 215.15796172528147
152 214.95208046678366
156 214.71198150942945
160 214.35602118184298
164 213.80524230790502
168 213.09519022416347
172 212.30455617728126
176 211.32589086762286
184 208.4339843364213
188 206.7012071618799
192 204.97749466370448
196 203.1476304396077
200 200.9445906769906
204 198.74422498075307
208 196.43150376524832
212 194.06585566847764
216 191.43453507704885
220 188.58367696984442
224 185.63630507614624
228 182.61167544237605
232 179.56393366227172
236 176.86310757653405
240 173.81112418292247
