60 177.21869108831893
64 180.4247046366491
68 183.85226406327757
72 187.36345636051092
76 190.49411486451953
80 193.30061115415862
84 196.02524190076122
88 198.39927748717076
92 200.563043067952
96 202.60112499772328
100 204.4761078038491
104 206.25969871258224
108 207.75013732581573
112 209.04540664078226
116 210.31209541799794
120 211.44393715558093
124 212.2060343767967
128 213.00306767919454
132 213.6792895112139
136 214.18415271892405
140 214.41213890834433
144 214.6013813315285
148 214.59130523488773
152 214.44832021096295
160 213.69348361148877
164 213.09158974512079
168 212.3512562512315
172 211.5164331797194
176 210.42614598481305
180 209.12294801281544
184 207.8012874478146
188 206.34281705876296
192 204.4371755065383
196 202.11131120145953
200 199.87932390097512
204 197.74191565675028
208 195.52248679337495
212 193.03806538726644
216 190.2899511236429
220 187.36233593219706
224 184.36303069018544
228 181.51153222758722
232 178.6387562129027
236 175.74439249169166
240 172.6774725828334
