60 177.82166011038709
64 180.8607231957011
68 184.15340035313514
72 187.53662030651066
76 190.61055112597464
80 193.57101308977636
84 196.27101001139647
88 198.5975559893811
92 200.6976673221614
96 202.87137097065838
100 204.92654584220654
104 206.62660391395178
108 207.95569616853905
112 209.36381044919295
116 210.51652214288504
120 211.74878210245694
124 212.70247860910553
128 213.43938372450933
136 214.34576474619786
140 214.478337915499
144 214.56270255965921
148 214.61900273891558
152 214.64918917664878
156 214.38790339002986
164 213.4395141028162
168 212.69636687755863
172 211.73950890415324
176 210.76006552686755
180 209.50269883120788
184 208.0408096354259
188 206.41138051766134
192 204.62460727382367
196 202.61701792730122
200 200.33440308052795
204 198.17028636229028
208 195.924665125167
212 193.33738727064093
216 190.49393603562538
220 187.750050400166
224 184.98266783296083
228 182.0101023075531
232 178.9617192076713
236 176.2750387418804
240 173.34942150721565
