60 177.2892857738389
64 180.84255900717682
68 184.25407718632187
72 187.37196942390258
76 190.43768997648647
80 193.4858995537166
84 196.24499332353105
88 198.6886432826974
92 200.90298017626537
96 202.94644537463967
100 204.86493983924515
104 206.4216491697689
108 207.79309003034447
112 209.1456511007648
116 210.38451952127141
120 211.6503566521346
124 212.49132812413703
128 213.21386547296794
132 213.86550754114603
136 214.30975351852135
140 214.5040889423537
144 214.5844419262997
148 214.56834243406624
152 214.5599676103105
156 214.31702486370364
164 213.3801145399884
168 212.6725502582752
172 211.7372821993099
176 210.57599310464332
180 209.1708812757259
184 207.77921621415481
188 206.22248919475868
192 204.54889181429326
196 202.67319356397354
200 200.46676146494525
204 198.13682692571504
208 195.80678843369998
212 193.30642038680878
216 190.63354548128262
220 187.9124122330304
224 185.0710328898192
228 182.12030846699736
232 179.13217278705832
236 176.54538149325361
240 173.55255030063222
