60 177.7748365339898
64 181.31060744302926
68 184.6065132110097
72 187.75450699464784
76 190.8712239657405
80 193.75612731768246
84 196.37787998564215
88 198.81267646105442
92 200.99288963682363
96 203.07223208252316
100 204.90126963851208
104 206.7104830265008
108 208.25320195962502
112 209.552000949806
116 210.74217211271133
120 211.9028526174964
124 212.98967432400877
128 213.62910379942235
132 214.21154226564897
136 214.4931472574988
140 214.72881743049476
144 214.8183040807182
148 214.9632901800905
152 214.9447551134598
156 214.69848976821288
160 214.2628658021256
164 213.67529873488172
168 212.932412372615
172 212.21024717564282
176 211.2380507448081
180 209.82360839461177
184 208.39920286950013
188 206.85826181325308
192 205.09265292405095
196 203.23386786183318
200 200.85287408199582
204 198.4869329908989
208 196.05734217746615
212 193.5330651675792
216 190.9214271152867
220 188.12038603041225
224 185.40395674653632
228 182.49294095553537
232 179.30143851816706
236 176.4920529388832
240 173.55121581525663
