60 178.03547364074126
64 181.55946713605633
68 184.96693637905827
72 188.04996894110036
76 191.14931019279382
80 194.06001675673022
84 196.66939956270045
88 199.07250918331826
92 201.21122638076451
96 203.38311190328707
100 205.36412049956166
104 207.14086852353003
108 208.49208149150772
112 209.74663786854086
116 210.89193808781545
120 211.9102477083345
124 212.96013100184769
128 213.57512382219787
136 214.40302402291496
140 214.5680011371754
144 214.69480217269302
148 214.80723332299368
152 214.7650347070846
156 214.55047935159598
164 213.38505282529175
168 212.6093986994167
172 211.78758246925253
176 210.72288369733377
180 209.4508960454715
184 208.06354345716758
188 206.44922852705366
192 204.54194826636484
196 202.55626235244222
200 200.3711519913426
204 198.14915022318468
208 195.83139320921688
212 193.19397423474422
216 190.49016715896164
220 187.683921059912
224 184.85989912006957
228 181.9942631869245
232 179.19961307945238
236 175.9251213195913
240 172.87724536706907
