60 178.06747036120123
64 181.5762493838713
68 185.05627276302027
72 188.42355094980482
76 191.38578327113757
80 194.3448608043037
84 197.0378322814583
88 199.50293938930542
92 201.6322337781695
96 203.73069197260352
100 205.5977065430864
104 207.25307386283674
108 208.71396932357266
116 211.2759855741284
120 212.1887079883893
124 213.0348526949395
128 213.7000212100494
132 214.27091607528308
136 214.64362612100047
140 215.08539214127688
144 215.45959474753997
148 215.48427582052776
152 215.2701364309182
156 214.8469577280682
160 214.4230703938822
164 213.87631480750247
168 213.11595795894164
172 212.26836041163594
176 211.1389349929424
180 209.8874568503858
184 208.47801049183965
188 206.96362251822285
192 205.19936679603092
196 203.2376291343365
200 200.95423102441714
204 198.7895140002213
208 196.4382714079788
212 194.0471883046665
216 191.14441948533272
220 188.07994892109372
224 185.3118010131177
228 182.3825186142785
232 179.4691129514634
236 176.69179773377442
240 173.88286358036453
