60 176.94346913393218
64 181.09832216198998
68 184.66548328038917
72 188.0004761215169
76 191.00851928821604
80 193.76176730015789
84 196.56948557254518
88 199.11087432385838
92 201.25109834560612
96 203.41335021636266
100 205.3310678685475
104 207.13387444109026
108 208.6461096597561
112 209.93892665776804
116 211.12416580057203
120 212.1308205742593
124 213.1088676235395
128 213.7896575179368
132 214.3382755318463
136 214.5820874641525
140 214.90945997353518
144 215.2703327276676
148 215.37111548601888
152 215.08164819310704
156 214.75155564176595
160 214.3488607899636
164 213.73718761377663
168 212.97631162157825
172 212.16606069802424
176 210.99165692615296
180 209.71873836687394
184 208.27081603449088
188 206.61799916087423
192 204.90891666143824
196 203.1420160032215
200 201.16276097647156
204 199.0501001046554
208 196.5410771064934
212 193.8519966411645
216 191.33445445166552
220 188.30179988760483
224 185.58676955880566
228 182.53322036552277
232 179.42377349926477
236 176.73948227353927
240 173.69287959547225
