60 177.58341132620512
64 181.25763511048444
68 184.81309999440748
72 188.1251136231454
76 191.1035426081708
80 194.0128923128402
84 196.67693749815726
88 199.01469717172623
92 201.17203535573066
96 203.15744786525724
100 205.12191110599008
104 206.9458944773676
108 208.5153107683546
116 211.04247786959414
120 211.97475589211956
124 212.83764746864395
128 213.6344710758319
132 214.23626520102061
136 214.5138061518463
140 214.72889236674848
144 214.75425314000245
148 214.79219238349572
152 214.74324558293145
156 214.48581709614575
164 213.36717169873538
168 212.7005395760845
172 212.07824696360638
176 211.07296434267866
180 209.63378997856228
184 208.12985009700645
188 206.4552646656344
192 204.6585937523434
196 202.72955926159295
200 200.50010098855483
204 198.31223733574947
208 195.9162854589122
212 193.4100568379661
216 190.7536403476987
220 187.9716900247157
224 185.12065819385458
228 182.09169296823347
232 179.15448653681466
236 176.39144654518452
240 173.81664732051226
