60 176.04147776907365
64 179.53346483920757
68 182.54678373422846
72 185.83808856369063
76 188.81509321865875
80 191.74972745901562
84 194.67283457283068
88 197.03053177725258
92 199.11176905548075
96 201.20689733416876
100 203.27362704332964
104 205.0120203553179
108 206.77032768454558
112 208.06093391622807
116 209.06459922014938
120 210.11058330622708
124 210.9785924393364
128 211.57585400824453
132 212.18262102939326
136 212.49280986770572
140 212.85064863701135
144 213.05406144495996
148 213.16033004780368
152 212.96359408999942
156 212.69452359682185
160 212.23138242392184
164 211.6534071181316
168 210.91171561643986
172 209.84959533199867
176 208.82745816724696
180 207.64080013572115
184 206.2759451344582
188 204.86557873862446
192 203.23655302219564
196 201.28543775872805
200 199.06528769184683
204 196.63958854282103
208 194.0814123741008
212 191.59601228211847
216 188.9257043526318
220 186.10755652423887
224 183.31469428450006
228 180.64658867754673
232 177.95886877314177
236 174.90497418663952
240 172.37182801267383
