60 178.0102721182363
64 181.3980315379231
68 185.13446905377452
72 188.17286062482242
76 191.22367115355098
80 194.15831724463078
84 196.95569647059932
88 199.5197711394588
92 201.70883051885625
96 203.6523271000168
100 205.41062098318613
104 207.12558488749227
108 208.66605494888307
116 211.10919158153203
120 212.07978979274395
124 212.95153515259494
128 213.68996513007252
132 214.27985174419268
136 214.64733294515818
140 215.01474500195633
144 215.33091625797113
148 215.21802032327523
152 215.01074830729254
156 214.64490383758368
160 214.28734327750126
164 213.7486734300379
168 212.98365583058734
172 212.0334874606715
176 210.83351505240074
180 209.5630033083928
184 208.31410524468183
188 206.8578400956661
192 205.13066341913645
196 203.10904698496668
200 200.67298402889207
204 198.22676639413208
208 196.0293302496258
212 193.4921438938339
216 190.58952943342462
220 187.78861647945894
224 185.17281796115503
228 182.34614276395126
232 179.33196140891735
236 176.48175355675068
240 173.8886808655417
