60 176.7348469741458
64 181.17114720893545
68 184.8242976968507
72 188.140666991572
76 191.05919949368004
80 194.05280106254472
84 196.8101994684634
88 199.274983544225
92 201.4762190383187
96 203.48876758467452
100 205.31653879337046
104 207.048810944375
108 208.56035077842955
112 209.84533522710802
116 211.02317995081506
120 212.0551095636256
124 212.94276070790661
128 213.5557860175182
132 214.1614464707859
136 214.47016658723524
140 214.69593268681143
144 214.8583515037532
148 214.933214796958
152 214.84640936820358
156 214.63221289756643
160 214.2001387579724
164 213.58449694334968
168 212.8411184599322
172 211.9840650566648
176 210.96815268822428
180 209.68476216421715
184 208.20636753154935
188 206.53871598185302
192 204.75946626061113
196 202.8858619053895
200 200.7301714501801
204 198.55211081593885
208 196.05126672802254
212 193.48115696111358
216 190.6515453835776
220 187.85806325901245
224 185.19685558769234
228 182.3341624461031
232 179.29010661737817
236 176.4277262497443
240 173.6094403011328
