60 177.72669256015416
64 181.19882175546707
68 184.60305049877954
72 187.80131545870864
76 191.18027600380606
80 194.05818482654897
84 196.84527856167944
88 199.19152032038554
92 201.42631244452795
96 203.4576984964216
100 205.34493290758996
104 206.94213263565177
108 208.28635013656975
112 209.58859315890146
116 210.7708970669189
120 211.94053909706977
124 212.90585593463348
128 213.58325731086248
132 214.1413626168221
136 214.39879276186258
140 214.6037341626104
144 214.81041479768334
148 214.88180508435914
152 214.83247599290127
156 214.54370309176986
164 213.42863131937327
168 212.7863186571445
172 212.0520875295032
176 210.96515866645007
180 209.67189087517608
184 208.26838744755275
188 206.65096410763934
192 204.90445316879766
196 202.92838800224916
200 200.88667955284745
204 198.65089171927636
208 196.28421657808354
212 193.82621277264298
216 191.06068736943052
220 188.15869206483023
224 185.4475265731565
228 182.30218409976032
232 179.1921445881518
236 176.36551403709666
240 173.6147351764513
