60 176.40150712887598
64 180.68320631155188
68 184.3458932993481
72 187.7015272005504
76 190.9278340193025
80 194.0194001479465
84 196.8725624729668
88 199.51657942704068
92 201.7616533341806
96 203.76049946916703
100 205.43510358427
104 207.1378768876331
108 208.70624741270353
116 211.2034975960868
120 212.1042858942909
124 213.09823782590817
128 213.8057407566531
132 214.40695727889505
136 214.7651453891987
140 215.20031378363248
144 215.4059403905078
148 215.46146616654988
152 215.28679644762025
156 214.8586304770347
160 214.4237000829878
168 213.26943084006888
172 212.46556164743586
176 211.27949700357846
184 208.6432098091274
188 207.09565124308438
192 205.1506543083707
196 203.22843977851642
200 200.97255971234065
204 198.7065264149573
208 196.33011464351165
212 193.63942516040495
216 190.88962017548545
220 188.0874280555806
224 185.4036368273456
228 182.42739523098925
232 179.5764895454505
236 176.7156818560623
