60 177.64499595915225
64 180.9886710835749
68 184.4928891227745
72 187.77343618483303
76 190.98558643982935
80 194.04661652011296
84 196.67140736523936
88 199.14707629888645
92 201.28728850667179
96 203.34768416443526
100 205.237512808426
104 206.99059839311923
108 208.41762878331843
112 209.83734948844122
116 211.04711758354338
120 212.06615988045633
124 212.95577383969925
128 213.6360994157725
132 214.27232887794534
136 214.5849910192814
140 214.90417513800793
144 214.9687415651373
148 215.0373631198569
152 214.8095772583049
156 214.53317760037882
164 213.54348794985154
168 212.91708190409412
172 212.1490921969507
176 211.07930908920255
180 209.734938320778
184 208.37422630425556
188 206.8670210615108
192 205.11784996986881
196 203.10275738939907
200 200.93340931810178
204 198.71942374547677
208 196.22572742842354
212 193.66134086311723
216 190.80714847386636
220 187.94121586445783
224 185.1076527782143
228 182.09126269142507
232 179.17241923989155
236 176.4645558869604
240 173.8090034017315
