60 174.75085340614123
64 179.0302787202189
68 182.81256160518961
72 185.98963872170043
76 188.65858168589682
80 191.53769094526683
84 194.2942749140067
88 196.6798723175225
92 198.8343650163863
96 201.04307819714938
100 203.12575994821987
104 204.7844442102118
108 206.1090172845761
112 207.43264682126136
116 208.66938116133227
120 209.6679842602438
124 210.41628921717353
128 211.00404746265068
132 211.52430399511022
136 211.93518562109415
140 212.20625610405997
144 212.5322788585152
148 212.5779366389015
152 212.43354873667332
156 212.0151068731324
160 211.54298872284375
164 210.8161643358078
172 209.11973357376098
176 208.21169166007286
180 207.02182784549112
184 205.41907302535662
188 203.7915352015309
192 202.04746711119247
196 200.07414610303996
200 197.86530539203986
204 195.7805920460351
208 193.466588614673
212 190.84120578135798
216 188.09131634366042
220 185.36887018128604
224 182.6108422961106
228 179.88775740541195
232 177.05679043728233
236 174.044533733815
240 171.72610648666256
