60 173.95722256895087
64 179.42242876106351
68 182.62330040392925
72 186.3827250723414
76 189.47307576836695
80 192.3081169933575
84 194.80659094434986
88 197.24442978267598
92 199.55791115719805
96 201.6249855221287
100 203.40436732374383
104 205.1377974064993
108 206.7922523777119
112 208.0241031661064
116 208.99078130714153
120 210.0472545298787
124 210.9946137555387
128 211.51846874337818
132 212.18159280822837
136 212.78073543119325
140 213.13694415467558
144 213.41556980949522
148 213.4447155967702
152 213.16054718924352
156 212.79810692370862
160 212.28599725807402
164 211.8099274027458
168 211.07392007122615
176 208.89074339256996
180 207.64531128562825
184 206.24629510173673
188 204.85400126126336
192 203.26172696035226
196 201.5911123551523
200 199.39945997187078
204 197.07797204053233
208 194.56539637334816
212 191.84902313948928
216 189.21733668603636
220 186.29784265569455
224 183.32911408258335
228 180.61378086690746
232 177.93917268071414
236 174.71134593248217
240 172.34008003746027
