60 174.64996997729617
64 178.94007219691082
68 182.4712217235355
72 185.6320393511725
76 188.51550808401612
80 191.47508655428496
84 194.28374229668324
88 196.6370427760998
92 198.93608230009718
96 201.13500984113801
100 203.06565224279694
104 204.75969889318426
108 206.41952313992618
112 207.7512350981794
116 208.90228404450093
120 210.04530347803347
124 210.9380686031106
128 211.39818564617866
132 211.80719674128557
136 212.171790858201
140 212.49560982631516
144 212.71686340078838
148 212.79243407315937
152 212.72191152754584
156 212.42486663039472
160 211.82034403945195
164 211.13443170117415
168 210.3595018058036
172 209.39162183980807
176 208.39951011321358
180 207.3133668240127
184 205.8815113048633
188 204.42939592931316
192 202.89336322698293
196 201.08848578852252
200 198.91377282782852
204 196.42145771101784
208 194.0268621073813
212 191.4620585251618
216 188.72044736593705
220 185.77369740000415
224 182.94650167953785
228 180.27085556975618
232 177.57228276599741
236 174.6066515907496
240 172.0096104697719
