60 174.58214941798948
64 178.8090245489235
68 182.50827836418316
72 185.6451766908153
76 188.55090135630536
80 191.46795459559786
84 194.36803314192136
88 196.77939763036227
92 198.83001469049566
96 200.72008127818967
100 202.6186941813887
104 204.3848166585116
108 205.92433557531282
112 207.23110905491006
116 208.29590870872994
120 209.4279742688566
128 210.88692439323702
132 211.3929877424061
136 211.87155073778925
140 212.16669150312435
144 212.27018899027593
148 212.11925247161156
152 211.92710532272412
156 211.64154145736381
160 211.36593098550256
164 210.75492389771364
172 209.07727039279723
176 208.06693862394584
180 206.79200630444979
184 205.26135599407155
188 203.73171735054467
192 201.96775530620098
196 199.89276175117254
200 197.65357174349947
204 195.385443665168
208 192.95138793076927
212 190.49642862436696
216 187.7629490703491
220 184.91403656135296
224 182.22188972809877
228 179.33283919250158
232 176.6062831237743
236 173.6791494092377
240 171.71917648630492
