60 174.8475640942812
64 179.0892001794745
68 182.92863828434295
72 186.29775880137566
76 189.02815900789835
80 191.82620000085848
84 194.52684335157372
88 197.08156136605595
92 199.36627584878772
96 201.30230673831912
100 203.1619792970963
104 204.72156858659912
108 206.36986043501085
112 207.87795262729787
116 209.08350969185028
120 210.2358046800287
124 211.1672629549946
128 211.75701764807926
132 212.21320844894635
136 212.69444412001283
140 213.02323329763345
144 213.16321216275617
148 213.1217317384203
152 212.93093697305972
156 212.7085153798792
160 212.218022045805
164 211.60016943365582
168 210.79770000814463
172 209.8910242631429
176 208.80052107019995
180 207.69488178086164
184 206.33987619536651
188 204.79812652430576
192 203.06527025637203
196 201.07004082595014
200 198.94122973062076
204 196.74292710042826
208 194.2628926946602
212 191.60637797123144
216 189.05964121311587
220 186.27153769360146
224 183.22267352523062
228 180.5469681477938
232 177.8424155996825
236 174.58686000795245
240 171.83982539456935
