60 174.95698748371862
64 179.21198720113827
68 182.93996930169715
72 186.4325703312894
76 189.04472703619228
80 191.79212934952864
84 194.3735387390413
88 196.92075167759475
92 199.36340481143333
96 201.421556740211
100 203.33343884635428
104 204.87903757557007
108 206.43756300399366
112 207.74253450116282
116 208.91689652761585
124 210.69195660228144
128 211.26695782113438
132 211.83170700718944
136 212.41541040855222
140 212.60898828490303
144 212.717568057707
148 212.74326652821884
152 212.59801076625493
156 212.41809227814826
160 211.85086932935184
164 211.24748022481316
168 210.54991470755027
172 209.6316179378363
176 208.62967196734027
180 207.32206767352855
184 205.80596367932586
188 204.1398610740481
192 202.43696385615306
196 200.6262937447301
200 198.6345700564628
204 196.26529235974144
208 193.9920371718151
212 191.53830544570673
216 188.72725850257495
220 185.85012373476445
224 183.0050149701957
228 180.31992572327982
232 177.4384002529277
236 174.56333996946682
240 172.0024894629994
