60 175.53701604709516
64 179.4171339917068
68 182.82141338549462
72 186.1161165606889
76 188.99801769988923
80 191.79526088567366
84 194.61588125428324
88 197.0157590413569
92 199.22158721554575
96 201.2220497478511
100 203.19760477000926
104 205.0346874764042
108 206.4958161603576
112 207.7155289114708
116 208.79517190438
124 210.7931347964293
128 211.28998405065826
132 211.96596324689884
136 212.41333826599623
140 212.6228343042573
144 212.82382768786812
148 212.86181673670413
152 212.71372907971934
156 212.39924470274872
160 211.74776097243
164 211.12172324065787
168 210.31793826463112
172 209.49228062223926
176 208.59244198506664
180 207.4604614900222
184 205.90286463655968
188 204.23318495180825
192 202.5582750283588
196 200.61832758500586
200 198.48212892372214
204 196.12000588883316
208 193.7737088623075
212 191.35663560223182
216 188.683263340241
220 185.79030670270635
224 182.93282236208245
228 180.38227297364787
232 177.71173498832235
236 174.59817004426782
240 172.11312692362333
