60 176.58931343505643
64 179.9077204144707
68 183.290470712137
72 186.44988111749137
76 189.41094705637227
80 192.34657835519266
84 195.12698242408175
88 197.51676798058642
92 199.67661477705997
96 201.75069242654956
100 203.65144442106097
104 205.38571523872662
108 207.00988634726994
112 208.25708285752094
116 209.42292745926304
120 210.38743940029082
124 211.23111974480855
128 211.94941485674994
132 212.42165631494913
136 212.79315910324593
140 213.14169712394366
144 213.3278693179105
148 213.4060278629271
152 213.205775616694
156 212.83443677981722
160 212.23637265919305
164 211.7246515666908
168 211.03244441407628
176 208.85903004267092
180 207.69552373992258
184 206.38284638167625
188 204.8828118023471
192 203.24856067326226
196 201.21656357137675
200 199.1603238497693
204 196.8894565155136
208 194.5398547401856
212 192.0820169742962
216 189.42485596721923
220 186.56844838615444
224 183.29339117439432
228 180.4034386025915
232 177.73356437530936
236 174.80139950923524
240 172.14785998667236
