60 174.30944817045207
64 178.24959619228395
68 181.67879581313667
72 185.21718319990725
76 188.13803457093627
80 190.91281458512623
84 193.6897126672936
88 196.2693415192602
92 198.5264744457055
96 200.59975032446
100 202.52180023037644
104 204.11474876692108
108 205.46759685524466
112 206.7791739144753
116 208.01110785186725
120 209.0467188530157
124 209.81879558714968
128 210.5530400701082
132 211.12276775266466
136 211.58649158743987
140 211.78254074936189
144 211.8261154030268
148 211.78725923043163
152 211.65087416513856
156 211.49503632685858
160 211.05538387537823
164 210.38834309283223
168 209.57318769306502
172 208.73655688031818
176 207.75745295163046
180 206.58699148589025
184 205.2093700483485
188 203.5637609119853
192 201.82925436747632
196 199.83494637446813
200 197.62114257839525
204 195.3539506052245
208 192.9826621132956
212 190.4252482720757
216 187.70123972961392
220 184.70729508340975
224 181.87049182272906
228 179.11877388875246
232 176.13660350450806
236 173.35808118844366
240 170.9642654857433
