60 173.45719003910762
64 177.48655266131956
68 180.76906260112912
72 183.90434961123515
76 186.84541051686995
80 189.63774452526792
84 192.3343916830645
88 194.60152275645711
92 196.71477880871848
96 198.83203783888055
100 200.8364925452409
104 202.80541948174778
108 204.40571421389998
112 205.8774434894664
116 207.0255307219738
120 208.01088211568702
124 208.961201819874
128 209.65580310229794
132 210.21574971050293
136 210.64843627187383
140 210.94856488738665
144 211.16398555267222
148 211.24983103428062
152 211.1281730520665
156 210.8072901868637
160 210.47552921490086
164 209.83318759284057
168 209.17718123169988
172 208.45114525742522
176 207.34876259719795
180 206.01484402904464
184 204.5071332586877
188 203.07307152009378
192 201.3440625318265
196 199.4620560089248
200 197.3212216593227
204 195.02966266070362
208 192.68203381119102
212 190.08981375348577
216 187.35980158408023
220 184.48311698481018
224 181.71220000682962
228 178.7245596417334
232 175.62975464128294
236 172.86843340465268
240 169.69443806648835
244 167.82059802495286
