60 173.25145764401532
64 176.13190866927218
68 179.74673832646678
72 183.51220091456815
76 186.67331119279675
80 189.78579942816694
84 192.44362090151924
88 194.91628940286506
92 197.1829027950569
96 199.2042271346793
100 201.10431908172154
104 202.780101284382
108 204.3886985558663
112 205.68817392568627
116 206.71877061893593
120 207.81322267905858
124 208.77938567332802
128 209.68490218159582
132 210.2388268478768
136 210.70933579354292
140 211.03671193011857
144 211.26162170413673
148 211.25332766385017
152 210.9968168203701
156 210.6959738356027
160 210.38444362500726
164 209.8123010838808
168 208.98568603475888
172 208.19834198415822
176 207.12202541775315
180 205.7079973985464
184 204.23855908519758
188 202.90443763415237
192 201.1116642141395
196 199.25555321256465
200 197.1451093307268
204 194.94045324955243
208 192.5527522725139
212 189.86402246728272
216 187.07112961147385
220 184.30310954136635
224 181.49727676025702
228 178.54530648398426
232 175.38316883497612
236 172.56990454821033
240 169.70943563800336
244 168.0646678323428
