60 172.94597952632523
64 174.73678306768437
68 178.86180772060254
72 182.36222301630173
76 185.5033084201139
80 188.2840476999535
84 191.14652181746527
88 193.761809200222
92 196.2260550339935
96 198.3893881669174
100 200.3973167001297
104 202.17449020188926
108 203.71159801230257
112 204.98347638274564
116 206.16795651581177
120 207.23375990336322
124 208.03594214169
128 208.67131032655558
132 209.24287955012397
140 210.36051218001816
144 210.3400331290956
148 210.37243971245564
152 210.44203897014785
156 210.23179409665312
164 209.36939513516887
168 208.624756972207
172 207.76861294418788
176 206.74335189834704
180 205.43900736322558
184 204.05514585819148
188 202.60159113133602
192 200.91439770749375
196 199.19986654584642
200 197.02557282881287
204 194.71237713195677
208 192.14881788889477
212 189.45890819800758
216 186.7722223300023
220 184.02443557664554
224 181.14925579302877
228 178.09820455992923
232 175.011226825768
236 172.1698311993496
240 168.92210066057234
244 166.356099786783
