60 174.24421223932964
64 177.91343852808131
68 181.66975426260058
72 184.67768067754403
76 187.77945053749204
80 190.8189142493504
84 193.99527578343418
88 196.52930193156826
92 198.7526801288299
96 200.71228308612018
100 202.50108705377886
104 204.12720760099032
108 205.53188763738882
112 206.8405386246949
116 207.95001239859735
120 208.93163337730016
128 210.79270246141252
132 211.36106211781006
136 211.6844924546801
140 211.82985191981996
144 212.03689173366888
148 212.0359913713492
152 212.0188330424217
156 211.73087061843995
160 211.26245041220156
164 210.7521028971165
172 209.00145196019628
176 207.89412883054695
180 206.5741865772143
184 205.1901384868986
188 203.85780613804195
192 202.2052923024303
196 200.04145534479443
200 197.77172658067892
204 195.71801659721075
208 193.43550473560674
212 190.8958081456262
216 188.07995583585998
220 185.04332418520698
224 182.10830328371864
228 178.958013424311
232 175.93085655507167
236 173.09525485766915
240 169.68970740737365
