60 173.82743928696993
64 177.4174300592681
68 181.37044720478997
72 184.62012248049916
76 187.63566213207363
80 190.4574355224321
84 193.31900152963652
88 195.89796361248455
92 198.25425123564034
96 200.29408347462743
100 202.12619096029317
104 203.79229654253515
108 205.33064177650834
112 206.65709564753985
116 207.77678322220402
120 208.8740260332433
124 209.65335236314448
128 210.4509298554317
132 211.01529420797075
136 211.40325877655846
140 211.74973138779524
144 211.80527176286515
148 211.77994392173662
152 211.61209319830198
156 211.32498654542889
160 210.79222462035028
164 210.23168158711655
168 209.51841560371656
172 208.65940305670077
176 207.65586499131024
180 206.4702837396453
184 204.96657096248174
188 203.3790324011603
192 201.53157812029497
196 199.5656729619542
200 197.4490637797737
204 195.32501537250482
208 192.88487114985125
212 190.3373480915377
216 187.50851905519175
220 184.61778125285974
224 181.85523757103186
228 178.82503925015897
232 175.64078584521468
236 172.862096394405
240 169.670393969859
