60 175.47957581762492
64 178.4675228662149
68 181.95527301094745
72 185.27730094906255
76 188.15707702447338
80 191.1800316784712
84 194.00949424293566
88 196.45149956939022
92 198.56572651807534
96 200.64287485703403
100 202.62941513855782
104 204.46977638592483
108 205.89368689081357
112 207.1603944107559
116 208.49386717859053
120 209.5435204796454
124 210.3329052147882
128 210.8411258215014
132 211.19143467688048
136 211.72174120362283
140 212.10392027205768
144 212.478544604532
148 212.40486287901442
152 212.32888420262887
156 212.011105980066
160 211.6005155192518
164 211.0561406137355
168 210.2858233978019
172 209.43728035167302
176 208.51986306071643
180 207.26469374409896
184 205.68162800789904
188 203.94079468061358
192 202.10447640977378
196 200.13786641746862
200 198.13629267219903
204 195.72757752205746
208 193.18435777589292
212 190.56809450535528
216 187.8701361290627
220 185.16808569180003
224 182.45709805292375
228 179.32013509035772
232 176.26001443844132
236 173.25803650254883
240 170.222709865888
