60 174.25727541705479
64 178.58652940914607
68 182.3113780155168
72 185.42390986348454
76 188.50768088427083
80 191.4406427541175
84 194.1603039770007
88 196.5088876867722
92 198.58202128616264
96 200.64957303188197
100 202.53215517449863
104 204.3101692248691
108 205.88886153179794
112 207.3046504269119
116 208.5053961976393
120 209.49209327843315
124 210.32423905493476
128 211.03610907350696
132 211.6375988693485
136 212.09593417016967
140 212.4067024435651
144 212.6611406283737
148 212.66834647285367
152 212.5204933710016
156 212.20865977431856
160 211.7560491025213
164 211.1547595061683
168 210.2855929885232
172 209.29426752246317
176 208.3467681800124
180 207.1935134374597
184 205.82076525853836
188 204.10710571709802
192 202.40355582760077
196 200.49317280902525
200 198.30778472156442
204 195.83937814366968
208 193.45104249442286
212 190.89467277343692
216 188.15873145267784
220 185.47620743824274
224 182.62708709753127
228 179.65898800481645
232 176.5377872667887
236 173.37899547038583
240 170.13810055781596
