56 172.56489558885517
60 174.88220728806627
64 178.76690184394025
68 182.44000299070288
72 185.75788635011094
76 188.72559061196418
80 191.48917689997353
84 194.0590559524065
88 196.49425252381022
92 198.65338937721467
96 200.72805539437715
100 202.70981623318627
104 204.51098191971548
108 205.97275350586744
112 207.25708660123206
116 208.39885687867482
120 209.50881019957154
124 210.29105557454702
128 211.09009368883198
132 211.41946181466602
136 212.022014501176
140 212.19639216762462
144 212.52412085712714
148 212.87686368838453
152 212.33048033060038
156 211.91081545347845
160 211.30232087811373
164 210.7543516658574
172 208.964322754229
176 207.84016073835852
180 206.56569682503408
184 205.17945824428654
188 203.72185669602013
192 202.0761351749532
196 200.27533252827806
200 198.1638689469001
204 195.8107405603084
208 193.23565582160873
212 190.6708039618664
216 187.8855122325552
220 184.9550911364014
224 182.24281748469588
228 179.31061285102788
232 176.65852783142776
236 173.63314531159904
240 170.75150482280915
