60 174.88967981045317
64 178.90910817939152
68 182.77321241799302
72 185.99355071059446
76 188.7827413627022
80 191.79468917945178
84 194.7408285851595
88 197.30454329538782
92 199.55672939433603
96 201.54548478097934
100 203.28999363046404
104 204.93146491651834
108 206.4677566054881
112 207.74022989107016
116 208.88924625176506
120 209.89053710919532
124 210.80032226700587
128 211.32653599756605
132 211.9018849590378
136 212.41244086260417
140 212.69444302072935
144 212.86684629053963
148 212.88385868573843
152 212.74730397774422
156 212.45625168123772
160 211.8697743969969
164 211.20785602531123
168 210.5049961495165
172 209.73403631299288
176 208.6903753725756
180 207.22990744316118
184 205.76347243067008
188 204.19398942986683
192 202.62055746555149
196 200.67189676329514
200 198.7263179253656
204 196.53747505922058
208 194.32474961423918
212 191.70560815063317
216 188.96019624038593
220 186.0798886018519
224 183.18713686841193
228 180.54939600788322
232 177.69070423983823
236 174.58738533016964
240 171.70399676140866
