64 176.44699077619129
68 179.5672600776886
72 182.8225814276558
76 185.9482170366764
80 188.92561684020706
84 191.67634452422698
88 194.227263170553
92 196.58828487516
96 198.79244907021143
100 200.77992833849396
104 202.49274144615669
108 203.90843868881058
112 205.0944730874719
116 206.26343663504957
120 207.32105209543698
124 207.99187253561857
128 208.68470260372538
132 209.19203053609402
140 210.23862783404667
144 210.4722177929462
148 210.5148423388958
152 210.4026333450566
160 209.68767528456357
164 209.13333061140446
168 208.37349066465345
172 207.34815438694798
176 206.25906129621455
180 204.96440952406547
184 203.65762107687394
188 202.18121558905705
192 200.44801523238817
196 198.5045680137004
200 196.27297086282132
204 194.0291497158015
208 191.68766662188278
212 189.1288854163165
216 186.48459575250297
220 183.772399641576
224 180.81956983258587
228 177.74902012562077
232 174.74069123469886
236 171.58218930438093
240 168.30861846984044
