64 176.699041174964
68 180.2791307689784
72 183.50718253117003
76 186.5853428828592
80 189.42927521048603
84 192.04110406890905
88 194.59185931168065
92 196.76700239464304
96 198.7788037405531
100 200.68366386069545
104 202.47494303416508
108 203.92922664847146
112 205.23420132041332
116 206.4207074525758
120 207.4574105542979
124 208.3443898606562
128 209.00913414676455
132 209.6125182279343
140 210.54975249117706
144 210.7155418285026
148 210.66861377118923
152 210.42863106165467
160 209.5436673750492
164 208.99950954397207
168 208.3893773611223
172 207.44182881155763
176 206.35114241859446
180 205.13059578634264
184 203.76105849126472
188 202.25572731690713
192 200.4572789107484
196 198.44977333039702
200 196.40289866548048
204 194.21182944906366
208 191.6111026022477
212 188.90250745637223
216 186.11898874234544
220 183.32367940020768
224 180.4991361112362
228 177.52542685556352
232 174.3998391891608
236 171.21053711996038
240 167.8459098862815
