64 175.43286515491513
68 179.6796104985716
72 182.9884203822686
76 185.828499875996
80 188.69250429944992
84 191.32533903491662
88 194.0387197282536
92 196.27761869596577
96 198.34272411396304
100 200.34610044085625
104 202.09192742171234
108 203.58425387430913
112 204.98897346397095
120 207.01428671669268
124 207.65163345092978
128 208.33437220040986
132 208.95309236624468
136 209.48225461336222
152 209.76969499170042
156 209.52051957177966
160 208.92104066390655
164 208.31586576488232
168 207.6038794022117
172 206.85224863059187
176 205.82509880663903
180 204.6011307995137
184 203.21275796132386
188 201.69288057701874
192 199.7833842797978
196 197.71895671768965
200 195.71561112585857
204 193.57628536482403
208 191.2609040818142
212 188.5647088633383
216 185.84685789941494
220 182.95322323823223
224 180.02408216078658
228 177.18361904929807
232 174.2083034723973
236 171.0366593916345
240 167.52105683172036
244 165.29267384000428
