80 189.02766659221226
84 191.41294781157757
88 193.66151543691467
92 196.04142440233696
96 198.36790387648608
100 200.33058914103407
104 201.86756993866558
108 203.14633794500247
112 204.32368178413537
116 205.5605724418059
120 206.48544467287928
124 207.12289076368626
128 207.7406226412098
132 208.08356844709843
136 208.34559761383247
140 208.4799313825854
144 208.58230197575003
148 208.52683531588866
152 208.4213041903692
156 208.16367172996667
160 207.75580582921515
164 207.18206028122594
168 206.2853500561968
172 205.32711921961865
176 204.05145139940828
180 202.68401565685025
184 201.05017315624468
188 199.23472188553347
192 197.4024728628052
196 195.44191460238022
200 193.28520557171376
204 190.8543035213429
208 188.57372502885735
212 185.9576777915022
216 183.04311120186543
220 180.2066307871553
224 177.20679765151436
228 174.15491448903768
232 171.32208874627864
236 168.517147420995
240 165.372787391788
244 163.69130870619983
