136 206.38320432398888
140 206.41900362440555
144 206.2761758378088
152 205.8174684787247
156 205.1911917764499
160 204.4394516731923
164 203.5721786103071
168 202.7724561631705
172 201.65944031791315
176 200.41590116388676
180 199.08720164311242
184 197.28886176913727
188 195.31688177296923
192 193.32936536551153
196 191.1890684779287
200 188.59841774139616
204 185.91068833499196
208 183.182222601298
212 180.3752977788726
216 177.5303116874002
220 174.81075234255786
224 171.92891898804336
228 168.91521446089212
232 165.88079913410218
236 163.45249403322845
