64 175.62639580957546
68 179.05372338671907
72 182.34392424910732
76 185.6392623314034
80 188.79002535427313
84 191.61337710008138
88 194.19563642669158
92 196.27671887399765
96 198.16578522313867
100 200.01901171782475
104 201.68721928292024
108 203.21697518874691
112 204.77626059878284
116 206.08077797410675
120 207.02386450785872
124 207.69884266802575
128 208.41228722787213
132 209.05712655881348
136 209.60207279716496
156 209.8235032236351
160 209.4308394154386
164 208.75302907693327
168 207.88679455697627
172 206.8863358750051
176 205.76509661111433
180 204.58389718420216
184 203.35320559571454
188 201.74047644904454
192 199.89268128418743
196 197.9957687519621
200 195.9818271822193
204 193.72058188267712
208 191.3623505568891
212 188.82689606139218
216 186.12380503856144
220 183.33420884590004
224 180.3764928330109
228 177.38240543537103
232 174.32535760347565
236 171.2137319591265
240 167.8905718310549
244 165.55696863130765
