64 176.4789668873176
68 180.1609162920293
72 183.38809761088373
76 186.37353447608632
80 189.2517706307766
84 191.85856916642138
88 194.2969516098826
92 196.46545005434638
96 198.52098458448836
100 200.5447099404189
104 202.3622716590733
108 203.79351995009634
112 205.1288853689981
116 206.27818154888956
120 207.3165882070005
124 208.02689544559593
128 208.7848370667045
132 209.3742705797307
140 210.28346052051685
144 210.38164141133527
148 210.4447577521975
152 210.24165684617327
156 209.75591629101905
160 209.54512634592734
164 208.9925802271763
168 208.29429676310554
172 207.25190767030412
180 204.8128356481288
184 203.37684801852163
188 201.83190362899006
192 200.13708330438752
196 198.3444543071526
200 196.19189341141885
204 193.88121413789338
208 191.43339375221723
212 188.92912330994494
216 186.3961393846279
220 183.41860422361572
224 180.53107557751997
228 177.6577638573387
232 174.4382913310927
236 171.13833259104592
240 167.8082001584742
