64 176.89671580903297
68 179.82834259341027
72 183.28076998594082
76 186.257585514845
80 188.86885912537616
84 191.5946797773631
88 194.12621444434814
92 196.45991352010287
96 198.8551268641641
100 200.85431075095397
104 202.66558977670857
108 203.92478210903266
112 205.14194276654575
116 206.24958318698978
120 207.13692454840856
124 207.82831412056584
128 208.6198474515626
132 209.20324808793262
140 210.2578572966058
144 210.51160764549158
148 210.55307674808083
152 210.29630630932834
160 209.52586131050913
164 208.8483613949934
168 208.16709182234578
172 207.13911691446805
176 205.83943108413138
180 204.59296115565328
184 203.25472339276857
188 201.74099828532405
192 200.15213326112723
196 198.29278020528272
200 196.08859900210518
204 193.66357352936362
208 191.18618870908733
212 188.56900246467256
216 185.91817741323098
220 183.04189378815687
224 180.08174831530806
228 177.1025951320187
232 174.166890106453
236 171.2458481917825
240 167.88456781881246
244 165.66950903335606
