68 180.40324241895755
72 183.12054497386475
76 186.07825748502222
80 189.06164814184285
84 191.89244611976184
88 194.2965982646543
92 196.47758751786625
96 198.6576936487953
100 200.53520600773697
104 202.24319138294885
108 203.79665509361217
112 205.07548176741227
116 206.2584494412545
120 207.2535969425291
124 207.99498021219893
128 208.61645998297385
132 209.11660757056853
136 209.66570926265672
156 209.7454364486704
160 209.31876888141772
164 208.55705796949258
168 207.73971350632246
172 206.9046590463597
176 205.74445053548462
180 204.47120148599018
184 203.10735126389417
188 201.3984735125093
192 199.52629731619461
196 197.49922771662744
200 195.33326468703945
204 193.14326497714356
208 190.8275189065684
212 188.07834282682188
216 185.08548311970196
220 181.9910797643287
224 179.3663995604304
228 176.7307047751438
232 173.5871696793888
236 170.63943990386412
240 167.84834700780152
244 165.5121714226205
