64 175.21222263670563
68 179.94421253043146
72 183.22344432514214
76 186.48183292080915
80 189.60471333749786
84 192.4950945422834
88 194.9588135851671
92 197.1298252044231
96 199.2892662897634
100 201.20526383534076
104 203.0347948893155
108 204.4074004148577
112 205.49222132450421
116 206.65435178067725
120 207.75819493109356
124 208.71565908682413
128 209.49702097579083
136 210.50497209224199
140 210.74543104728275
144 210.95244818433264
148 211.09899575051003
152 210.95682359717864
156 210.56269953637025
164 209.52157216793762
168 208.80194641654379
172 208.00798981838813
176 207.0614555797862
180 205.68449174185412
184 204.18827259502635
188 202.72365460213118
192 200.98195007734486
196 199.20176433595708
200 197.12966080425127
204 195.11026544566462
208 192.63040811497106
212 189.75984322967165
216 186.9415541528866
220 184.0007557200687
224 181.0134894062594
228 178.16749959853266
232 175.09814662316637
236 172.30464657946928
240 169.13925822147206
244 166.97556593831825
