64 177.62560978890053
68 181.66090908074096
72 184.53654154929626
76 187.36561198401586
80 190.10670429580676
84 192.5748461007043
88 195.08112531188704
92 197.2978973790738
96 199.34302173998327
100 201.04353730561502
104 202.68563360159396
108 204.09939745093482
112 205.6034901856463
116 206.78570720861586
120 207.74926828229778
124 208.44548244290252
128 209.13485087052976
132 209.77868369289519
136 210.2092763659047
140 210.4289481008244
144 210.64519762564822
148 210.65671585678078
152 210.57411726629783
156 210.33537268177497
160 209.82332607657065
164 209.20188798587535
168 208.41613625486391
172 207.3799513594204
176 206.31533248153897
180 205.0701017976645
184 203.61906800027631
188 201.99571785542418
192 200.10100766767357
196 198.255763840413
200 196.14318517590908
204 193.94925707499755
208 191.6052187191935
212 189.0715358265329
216 186.16116260328283
220 183.08572075368414
224 180.1971852606456
228 177.43149666789958
232 174.37789997240216
236 171.0373444635
240 167.15585802388554
