60 174.87408957349777
64 178.1454082701983
68 181.4829348886902
72 184.43689224196294
76 187.51067696129158
80 190.35708511426458
84 193.24542463519413
88 195.75688024591003
92 197.919908686903
96 199.890028550598
100 201.73066309114586
104 203.4832110560067
108 204.96599457571713
112 206.25166013449638
116 207.41954293736987
120 208.72849650010426
124 209.57235282550482
128 210.35490759352084
132 210.9103663476016
136 211.3848710525726
140 211.74591053414903
144 211.7589143166873
148 211.78131346114648
152 211.68353359675655
156 211.4110654616329
160 210.97218650162702
164 210.23436425696912
168 209.45362388100855
172 208.54176544048465
176 207.62280020433312
180 206.45167386086368
184 205.05360426448766
188 203.44268193399674
192 201.54252353711883
196 199.5214974054498
200 197.4626518457017
204 195.19538487038196
208 192.81172400582835
212 190.13488174910964
216 187.4770779303244
220 184.57608428055312
224 181.56041400487192
228 178.49452090459957
232 175.46858217789156
236 172.79261513620497
240 169.7427451242093
244 167.9010628149182
