64 176.14759161836525
68 180.04172529340406
72 183.69007866720546
76 186.89628016441262
80 189.77158919589462
84 192.35013982217066
88 194.63384444683692
92 196.71895447120417
96 198.75859796630516
100 200.6263705210254
104 202.41124736147066
108 203.96682316437295
112 205.3217988385164
116 206.44343487421457
120 207.449304745473
124 208.32914643721887
128 209.04798454185902
132 209.80500691884214
136 210.3212508426759
140 210.47385044092636
144 210.5115942103557
148 210.50478817164765
152 210.53237071813476
156 210.32712932490833
160 209.77615996296404
164 209.08170576617005
168 208.31428894391507
172 207.3509527265395
176 206.41767317691696
180 205.23083945891503
184 203.83564332815683
188 202.1872442229737
192 200.40427581682283
196 198.4222187547864
200 196.37078448451547
204 194.23924644550976
208 191.74966687407266
212 189.0926212806611
216 186.40658217097655
220 183.4723887812719
224 180.52030756845136
228 177.72487077969183
232 174.71206276109282
236 171.9834066916547
240 168.56205802971618
