60 175.2584682138139
64 178.1044478921966
68 181.43464161955387
72 184.5583344925866
76 187.59726103822953
80 190.71792580356862
84 193.73656104250347
88 196.46471650530614
92 198.6059745302652
96 200.6028208556831
100 202.58440374460397
104 204.30590612222437
108 205.74528616819435
112 206.81817084286268
116 207.80729997358438
120 208.91604345965465
128 210.61231752405087
132 211.07276999196853
136 211.4424868145964
140 211.6985793162221
144 211.85762681741542
148 211.84112396960347
152 211.76671433291133
156 211.57050540395755
160 211.10420781696877
164 210.40332515742557
168 209.6302865667157
172 208.84908770061108
176 207.90676222609693
180 206.70210068697747
184 205.32163056801636
188 203.77054730050938
192 201.96605989502794
196 199.84674331571995
200 197.550070177903
204 195.34329173907665
208 193.0597952367274
212 190.52933183962062
216 187.7017538685679
220 184.83773138353612
224 181.93983781553297
228 178.7995886186477
232 175.79563078859695
236 172.94231106268128
240 170.1630246461446
244 168.28072070566014
