60 174.71344566894064
64 177.71388979666614
68 181.2385038746178
72 184.55561077573293
76 187.59401723788227
80 190.51118544505402
84 193.52255340707904
88 196.12546025980816
92 198.45140296105882
96 200.27261564156106
100 202.10181836027073
104 203.7241650459357
108 205.06386294109666
112 206.2798106830806
116 207.4344146555144
120 208.69521907704106
124 209.64237252659382
128 210.3515514170949
132 210.78078105400954
136 211.15269784616038
140 211.45964133561375
144 211.69254493882306
148 211.69022515114267
152 211.52654819484826
156 211.1241477740291
160 210.6090134425625
168 209.0850584387397
172 208.37616719733376
176 207.5201197136126
180 206.27697913607432
184 204.67639448223727
188 203.05298677823058
192 201.36160498683068
196 199.56656020440747
200 197.5828990102902
204 195.25352295926774
208 192.699103741307
212 189.8589552756712
216 187.25480972284504
220 184.3321707008584
224 181.2558269814115
228 178.14731639211453
232 175.13147085304428
236 172.54850161763096
240 169.34680935028973
