64 177.65114333541118
68 181.20378323942276
72 184.54245314388356
76 187.4959649972006
80 190.25191025138918
84 193.00834823631436
88 195.60285878431404
92 198.0636750349635
96 200.15100694834086
100 202.085439519967
104 203.7371835292089
108 205.1208705252706
112 206.27097032973825
116 207.31921441571427
120 208.4674460772847
124 209.4750464634912
128 210.353822289511
132 211.01861107405477
136 211.411392863446
140 211.7744153002911
144 211.79035057770142
148 211.79172848324356
152 211.66466994735387
156 211.46305911139112
160 210.97394496230066
164 210.31143076323747
168 209.62380425706266
172 208.6699818806967
176 207.64876218823034
180 206.38893017979115
184 204.97704961108823
188 203.34147631432438
192 201.6210826281442
196 199.69794924966627
200 197.63157858570997
204 195.32165305170025
208 192.90729158437648
212 190.2567601503183
216 187.65243818458572
220 184.68929896456643
224 181.61539428139838
228 178.5647275837719
232 175.4421673559085
236 172.66877707607432
240 169.55828239307684
244 167.71836144696178
