60 174.80192316214527
64 178.02968754611004
68 181.32952794762843
72 184.30937779550734
76 187.2663152183463
80 190.102465584768
84 192.74698231057914
88 195.18881104840807
92 197.3857953452432
96 199.54312711219828
100 201.41989012475904
104 203.1611193214588
108 204.76278857240214
112 206.0782711672968
116 207.25060831020988
120 208.30708298520412
124 209.3169736002397
128 210.16683518291381
132 210.75139856790983
136 211.18070845913982
140 211.51433746542682
144 211.4764753810349
148 211.46446202314627
152 211.30833765949723
156 210.8727906238702
160 210.4612806094596
168 209.21239071850823
172 208.36354906821967
176 207.21768722616014
180 205.79447935953965
184 204.22445862624681
188 202.553509046112
192 200.87913740814872
196 199.11569001929814
200 197.154751656805
204 194.88442762418293
208 192.5178197869226
212 189.78879663895532
216 187.03844735699124
220 184.07341697028653
224 181.1857594010636
228 178.31201028289667
232 175.4197643315785
236 172.67575518873127
240 169.36516930263838
244 167.72139993556817
