64 175.9269006181908
68 179.4265833733245
72 182.9282274390776
76 185.971525329646
80 188.78728574385198
84 191.52439589851582
88 194.1040740980678
92 196.3736397623234
96 198.44355821973147
100 200.56585226182233
104 202.2920196111255
108 203.66062076629163
112 205.0554970130899
116 206.20212967385294
120 207.2618981177166
124 207.83628069310177
128 208.5808896485155
132 209.16645990967987
136 209.60843701029665
144 210.24717022365564
148 210.25487786719717
156 209.7248519108486
160 209.32676411379643
164 208.63227467884636
168 207.8423655541618
172 206.93925919046964
176 205.8602247038537
180 204.7144611751664
184 203.35492330688726
188 201.78560972211238
192 199.93790828323782
196 197.84617709453306
200 195.75782999860368
204 193.555401599761
208 191.18958638114066
212 188.77634511850385
216 186.11899334489286
220 183.04372563384612
224 180.26404794530507
228 177.41151142954408
232 174.42973742166225
236 170.96769497743992
240 167.87396465981567
