60 173.3725642182394
64 176.94360631307046
68 180.9507004998764
72 184.228234830674
76 187.46810536001496
80 190.3296902033527
84 193.11449629634268
88 195.81056338994725
92 198.21171247396302
96 200.27979759002466
100 202.21493441358953
104 203.8702080692049
108 205.14456251124986
112 206.39954399418397
116 207.5308487252048
120 208.59001503537343
124 209.42375678247856
128 210.16254096687115
132 210.62848565105264
136 211.1825045529928
140 211.66080770221436
144 211.84879840712674
148 211.85171768554216
152 211.66121899865777
156 211.36689216919606
160 210.9430915471814
164 210.25790862344428
168 209.39507357220842
172 208.50979020309018
176 207.62958739210072
180 206.2820454168132
184 204.86663406868513
188 203.2410118119314
192 201.4789754930679
196 199.49815812516948
200 197.40468867437835
204 195.16640197630343
208 192.57883258182719
212 189.82574208143495
216 187.37699452872113
220 184.6986348601652
224 181.79479852486156
228 178.40320119923024
232 175.30724742398826
236 172.66676353518324
244 168.303435139905
