60 174.78399164447427
64 178.37109007795289
68 181.9488740290328
72 184.9320147582511
76 187.9265281950906
80 190.95770310278493
84 193.92044070769845
88 196.45271499731857
92 198.59579013581086
96 200.6131106389825
100 202.62708225400388
104 204.25193383181795
108 205.6629816072599
112 207.0912747703994
116 208.23514318785288
120 209.23511822529503
124 210.2067221958211
128 210.9093501413662
132 211.39770226923562
136 211.70207340573688
140 211.91480494741518
144 212.01958147706085
148 211.9774448932073
152 211.93306802239076
156 211.654150157096
160 211.14931091004487
164 210.54832357737826
168 209.7418891550135
172 208.86576757298798
176 207.91297085191124
180 206.6437671412918
184 205.3356379790139
188 203.73260897461202
192 202.00015067506183
196 200.01000567343806
200 197.773559549129
204 195.5432906834279
208 193.11573159549243
212 190.55060056640536
216 187.92173743773176
220 185.17754996523
224 182.25114682214297
228 178.9427709481713
232 175.90552502414153
236 173.0391465401026
240 170.21570023962747
244 168.35603942338398
