60 175.44967262251387
64 179.15829831436557
68 182.42677313838058
72 185.69016148315063
76 188.66354128764036
80 191.53266066950886
84 194.20350308203427
88 196.49901042533526
92 198.80168208245638
96 201.12562154163368
100 203.1030824447927
104 204.8647704678777
108 206.33326612317285
112 207.71843544489877
116 208.93946883783315
124 210.78762071559964
128 211.32054816264542
132 211.9370336635891
136 212.53944817623324
140 212.72972590639733
144 212.84178114867166
148 212.80000592014989
152 212.65748205164437
156 212.34726596294672
160 211.77298119285652
164 211.2082298130884
168 210.49384513455394
172 209.60302730701812
176 208.54548182684073
180 207.4058334243962
184 205.7658341482762
188 203.91787144051648
192 202.13091361104057
196 200.32635849108271
200 198.35751468971563
204 196.0958879938291
208 193.76302267290757
212 191.18138654788015
216 188.62857411105435
220 185.88694439985426
224 182.73565295470297
228 179.5237606607164
232 176.42193940505354
236 173.45939274922895
240 170.29979673683908
244 168.634236695513
