76 188.48567325307835
80 190.08316741000493
84 192.51010592829562
88 194.75839844932972
92 196.83938855976263
96 198.74982426409304
100 200.57644344848813
104 202.13505788997412
108 203.45281874648347
112 204.86448967075842
120 206.84681219471733
124 207.37067145414466
128 208.0397403425082
132 208.4345094264833
136 208.81094506231477
140 209.06158583736828
144 209.10965125044515
148 209.10262184804097
152 208.81296230843589
156 208.4181975770834
160 208.04931717715533
164 207.42616472984156
168 206.59347399499921
172 205.58440520800727
176 204.37966726129565
180 203.0853907089019
184 201.6237144876671
188 200.0590421577412
192 198.30696464247146
196 196.18649317562983
200 193.82829367836123
204 191.60139869565774
208 189.23823009988007
212 186.7241554437826
216 183.88831819620503
220 180.90557791327373
224 177.73808069932397
228 174.36470469366276
232 171.4218853872431
236 168.5516421119476
240 164.71155363668038
