60 173.18061196496626
64 178.17306411609962
68 181.92316734890468
72 185.07423477969155
76 188.19057417428758
80 191.281314597259
84 194.03704709506528
88 196.4708234034216
92 198.7195750959574
96 200.8346305740086
100 202.8311541417539
104 204.55637067273716
108 206.19551603410397
112 207.45936247901386
116 208.64148047464195
120 209.6678915767336
124 210.50598878142927
128 211.0635748713118
132 211.5937528857894
136 211.94560200591388
140 212.08429794848578
144 212.39955804539778
148 212.4908649319064
152 212.3503807718956
156 212.15658899932836
160 211.6336059887287
164 211.0784806108671
168 210.40635964789112
172 209.50204375221824
176 208.39194818776508
180 207.0811127545382
184 205.61419393829271
188 203.9750207788108
192 202.34336527622608
196 200.45648905230587
200 198.49156782983883
204 196.04990125870398
208 193.6256092324234
212 191.20157839120665
216 188.41262464061128
220 185.44325628085284
224 182.44540591371634
228 179.13625853573092
232 176.09551588442503
236 173.33856353377607
240 170.4295069745911
