60 174.54672212777947
64 178.6536574339449
68 182.2766806210576
72 185.76140115480092
76 188.74592044190885
80 191.5538914035977
84 194.1169038682622
88 196.69408506039036
92 198.90214202301095
96 201.03770605995732
100 202.9628745128643
104 204.86523813099313
108 206.42347977417353
112 207.78932621431977
116 208.8709152860801
120 209.8339823104258
124 210.71683517234678
128 211.49939406317634
132 212.00490601371615
136 212.44706287717298
140 212.63314654324802
144 212.76948961201168
148 212.88507908145885
152 212.87181444196722
156 212.66840915389176
160 211.9590188051782
164 211.24922260666594
168 210.50697095981167
172 209.64940361709264
176 208.55743672367458
180 207.3100155700715
184 205.87805482655298
188 204.2798781896996
192 202.59445853086405
196 200.4941103792737
200 198.29720889942237
204 195.97568573787623
208 193.59096293093538
212 190.898961825708
216 187.8622684314314
220 184.93053741619497
224 182.05657084344233
228 179.12675092600944
232 176.36575922867056
236 173.34538152696712
240 170.3616238737864
