60 174.79559338200363
64 178.55134842259048
68 182.0631368307699
72 185.13683613297434
76 188.2812975836334
80 191.2605108667984
84 194.17792207458288
88 196.49013959945557
92 198.49406597340936
96 200.54717345537128
100 202.55469851362915
104 204.44336300757627
108 205.96462373653927
112 207.25346058416875
116 208.32684139108787
120 209.31875556379538
124 210.1802493788692
128 210.81707845305363
132 211.29274142022933
136 211.52108222900523
140 211.7314348641051
144 211.91674992370866
148 211.87668390129903
152 211.85321101163282
156 211.5430458178204
160 211.2391483817176
164 210.56714966950724
168 209.67196985224635
172 208.78050211871027
176 207.87547410372284
180 206.63702882734032
184 205.18538185713186
188 203.52471871307097
192 201.69068500091794
196 199.75251207847293
200 197.54238319821397
204 195.25738173802358
208 192.9655306233775
212 190.3366732168711
216 187.49185276793747
220 184.50824412771723
224 181.47003241669637
228 178.27936867010465
232 175.1289279000523
236 172.8197690202253
240 170.1529017193622
