60 174.52044863169064
64 178.59914116118466
68 182.46319138743416
72 185.5053143016866
76 188.42084921903688
80 191.23928338378812
84 194.1905955815213
88 196.97553567196357
92 199.10244463063907
96 201.30886526400678
100 203.28556880737335
104 204.9415341168105
108 206.32828439549252
112 207.61718713685016
116 208.87328307738613
124 210.78868644108883
128 211.37734036155607
132 211.94096081352876
136 212.48763491469708
140 212.70591545382874
144 212.90253520766868
148 212.8471947880489
152 212.7584062039138
156 212.48056293511831
160 211.81863868047188
164 211.21749760218955
168 210.47551517014432
172 209.66351385790244
176 208.48055861068156
180 207.1954385366355
184 205.75230539083043
188 204.1074242200967
192 202.41782058025973
196 200.59301454979598
200 198.56101275457084
204 196.1641866206529
208 193.58388603961674
212 190.77769938410523
216 187.8627737393316
220 184.96953060921737
224 182.1736571211312
228 179.31004401752648
232 176.34790279289479
236 173.32006855231617
240 170.43723837873802
