116 202.4317331813036
120 203.63061220382707
124 204.64342121623298
128 205.6088967175964
132 206.43703001482052
136 207.14811157003052
140 207.71056246934182
144 208.05851517471382
148 208.24075382604212
152 208.43043129216142
156 208.53512513483165
160 208.59585988215235
164 208.40492263476636
168 208.14073281867994
172 207.5938537970644
176 207.0999988106662
180 206.24710295431626
184 205.12580622311623
188 203.7254690790322
192 202.24999340846045
196 200.48741734870183
200 198.6326589630848
204 196.79345326853095
208 194.82946977734892
212 192.62161012364436
216 190.28152072587469
220 187.81758008516204
224 185.25410579771557
228 182.36415013351711
232 179.07700085574265
236 175.5325790675109
240 172.0502880341208
244 168.38555331966563
248 164.75093139709566
252 161.01947544362497
