72 181.58800299896836
76 184.35977502595716
80 187.21968057084888
84 190.0152339131431
88 192.61422703273507
92 194.87918637657856
96 197.12772889902828
100 199.3456412540434
104 201.4600113751613
108 203.29135380774846
112 204.80055196865445
120 207.18498964540402
124 208.00811728853313
128 209.01103211756737
132 209.85364315643068
136 210.60321743515678
140 211.07274581627172
144 211.44806480533396
148 211.71869267352508
152 211.74044118281142
156 211.50691049006653
160 211.33712331838072
164 210.96334622206234
168 210.339387703551
172 209.7229616240172
176 208.9062992886332
180 207.92706059987069
184 206.6422330495327
188 205.14336808258048
192 203.4213705183992
196 201.5743766974316
200 199.54152215299692
204 197.42106606235646
208 195.24676560729569
212 192.7131297721427
216 189.91432458722784
220 187.14681641965467
224 184.34794702804777
228 181.32428484599137
232 177.8978846375523
236 174.06874570906388
240 170.57923360242364
244 165.9397228298539
248 163.16880050264325
