72 182.66822716229674
76 185.59475087251872
80 188.40414073540592
84 191.17291833497194
88 193.7381302308372
92 196.02352237803805
96 198.24210146972047
100 200.35327457615494
104 202.21268175624843
108 203.75793358421026
112 205.23639376175657
116 206.6085027285149
120 207.9217560883197
124 209.04318775230408
132 210.69731516967644
136 211.1945147747798
140 211.68505927787947
144 212.1325346092315
148 212.40319706995615
152 212.61632652651934
156 212.57263026772478
160 212.08061138411887
164 211.53849890495383
168 210.87380066306048
172 210.26689488720132
176 209.6133572462585
180 208.69104194146226
184 207.330237356071
188 205.8952286384122
192 204.25370278306585
196 202.50380079403826
200 200.49962478160737
204 198.4268295052463
208 196.12382590722314
212 193.71391141302774
216 191.10396064883815
220 188.22740670032925
224 185.35135367679135
228 182.32465725846947
232 179.1405414422377
236 175.4538229777271
240 171.59090068962462
244 166.80897862899224
248 164.2565591332309
