68 179.9303993247757
72 181.51546002578976
76 184.5684476826463
80 187.77539821504715
84 190.89060883629014
88 193.45826489739025
92 195.7247957171744
96 197.9684398664082
100 200.03482904642865
104 201.90536954857484
108 203.66465248662564
112 205.23810163510365
116 206.56327504088463
120 207.78160140917623
124 208.87015638282753
132 210.90044682398477
136 211.42888102340785
140 211.77247139336163
144 212.05288992001334
148 212.33667413488024
152 212.36499847607575
156 212.23225577954582
160 211.86575188804488
164 211.3844069213443
168 210.79023261899962
172 210.13128588090257
176 209.24830155322914
180 208.34690667435362
184 207.11696673453298
188 205.78560444228782
192 204.14086482296918
196 202.21800758698276
200 200.1623088533811
204 198.15899391159488
208 196.10335338437284
212 193.69199652590558
216 190.96801446061403
220 187.96156740073405
224 184.98800043938525
228 181.90738698722484
232 178.6598208307384
236 174.72806012557172
240 170.82160090451993
244 166.79829286756592
248 165.1808150073827
