76 184.10261117883323
80 187.1058788293044
84 189.92207030760176
88 192.63395764827237
92 194.95979377154978
96 197.21882290505383
100 199.34606774730767
104 201.44467985314222
108 203.23080196866897
112 204.85878162578138
120 207.228128506828
124 208.0594364549209
128 209.0545670239495
132 209.69311523521486
136 210.54187743941787
140 211.00027595095946
144 211.42636729323021
148 211.73381443457046
152 211.75653166653942
156 211.56024057502236
160 211.32818924410594
164 210.90229105376045
168 210.24910833344472
172 209.52935418643992
176 208.61604797264283
180 207.44515739032312
184 206.16673220719358
188 204.77607119924744
192 203.30061176747697
196 201.5354340023606
200 199.6655888300345
204 197.52751885523838
208 195.17946679940133
212 192.63500306286298
216 189.96845602952462
220 187.17892633163842
224 184.18894218096085
228 181.12415589426115
232 178.04860647127356
236 174.45743192318542
240 170.02416121092784
244 166.12790240733872
248 163.08047224645685
