72 181.38445644573062
76 184.64665925836093
80 187.85331482911016
84 190.72387395930576
88 193.25723799647693
92 195.77063961936767
96 198.19359679088706
100 200.30692211937054
108 203.43243522730916
112 204.9197005585687
116 206.26642769480455
120 207.51639161970695
124 208.62743594763282
128 209.64420405724252
132 210.4604549870893
136 211.08057367704367
140 211.4665253124311
144 211.85161780732824
148 211.94174423753873
152 211.82536175149
156 211.6286046456604
160 211.4416560099375
164 211.03122941322937
168 210.4205420992186
172 209.72947888754587
176 208.86072351733046
180 208.00517682980401
184 206.79608323410935
188 205.3048112430816
192 203.66819667601501
196 201.91246563582828
200 199.89694487661097
204 197.8235274313643
208 195.5952086507915
212 192.98938883328805
216 190.1127093625484
220 187.49854566688515
224 184.6892303828634
228 181.62168039637575
232 178.27293142412657
236 174.56114816058908
240 170.61605866299618
244 166.71845170632793
248 163.48502013186484
