84 187.7041084975254
88 189.29208218417995
92 191.8358060017559
96 194.26207868939656
100 196.3531953727454
104 198.37487692694134
108 200.26481871318313
112 202.2464448274138
116 204.00230660439098
120 205.45226573669862
124 206.6786852187427
128 207.65332497316092
132 208.72551656372568
136 209.64264763770257
140 210.3458615559788
144 210.84416896745998
148 211.2481703008171
152 211.50743014406723
156 211.60893183316298
160 211.49531026952968
164 211.23150471367927
168 210.7284192917034
172 210.16046126529156
176 209.41322352832958
180 208.5889605470507
184 207.53324040781393
188 206.28281134201723
192 204.94508214514622
196 203.56154316797316
200 201.86908626819888
204 199.87326883670244
208 197.68414902711044
212 195.4946849002876
216 193.17478642425368
220 190.6089237228073
224 187.7466681361589
228 184.72275039195756
232 181.5015687883021
236 178.39899740745227
240 175.121534233774
244 171.19718032514282
248 167.17550443498106
252 163.9055935992162
