64 182.6820494105591
68 185.74580063928994
72 188.54793745851828
76 191.26734941700028
80 193.84491838286309
84 196.29242766229675
88 198.58451690842102
92 200.59776926743075
96 202.40414216002574
100 204.09643747607288
104 205.4548407600659
108 206.75493893714497
112 207.93077045850748
116 209.0176945353115
124 210.581839300777
128 211.10751376832602
132 211.41492496729714
136 211.52823975042446
140 211.6283461977305
144 211.6453931332249
148 211.44489353735665
152 211.29946751937342
156 210.8829100086016
160 210.20887581240413
164 209.21056677092147
168 208.09694736216085
172 206.9870193152831
176 205.712598172369
180 204.1844864478722
184 202.36988156499675
188 200.22378389228976
192 198.02085167754066
196 195.71050517230415
200 193.23098012060385
204 190.5387970350722
208 187.68024341419567
212 184.60393359668012
216 181.35821608606358
220 177.85889033164133
224 174.2270644160322
228 170.29025156093687
232 165.84260221341316
236 163.54183023086404
