60 179.98568413103573
64 183.01163495897072
68 186.1838929504125
72 189.47881875769133
76 191.83395969366154
80 194.38377204246203
84 196.61351146334837
88 198.83054765419215
92 200.70329433616158
96 202.56273226238565
100 204.29295852904306
104 205.58444923643665
108 206.72302550506092
112 207.69276402530647
116 208.6399623467698
120 209.4816503169276
124 210.25901314507092
128 210.60983555554324
132 210.80207240379409
136 210.90473111248744
140 210.80913347003542
144 210.76565173012233
148 210.62429015816122
152 210.33036745817594
160 209.1156198637235
164 208.39286082942846
168 207.46174051879746
172 206.32633238804817
176 204.75592186104313
180 203.1346479122218
184 201.2419780336786
188 199.3381195767629
192 197.14119635731046
196 194.73287912637036
200 192.05590066991599
204 189.2227325605985
208 186.4009385214595
212 183.5259762677369
216 180.63381363885247
220 176.67124512232573
224 172.74398984145813
228 168.90984833559278
232 164.72269285982088
236 163.29914302435478
