60 181.30129770066443
64 184.23685900448191
68 187.16039356035276
72 189.9652098318441
76 192.5612721845424
80 194.90701958329555
84 197.21289379291093
88 199.40713684431492
92 201.16744175004044
96 202.89578940679203
100 204.6554350256
104 206.12322244561807
108 207.28745608902946
112 208.21536147882023
116 209.07803484919705
120 209.8713336164224
124 210.3902887356991
128 210.79796387929633
132 211.20973441243032
136 211.39103649303058
140 211.26355629966687
144 211.05842237523635
148 210.85998771927908
152 210.51649425108883
156 210.11062910742126
160 209.42240085997136
164 208.59490316982917
168 207.47110644439135
172 206.15414495088294
176 204.6555133423053
180 202.99744041235408
184 201.10303102201155
188 199.24690394027294
192 197.07023077334088
196 194.60509490336892
200 191.81870152094626
204 189.13304916629244
208 186.19013426322493
212 182.54876603303754
216 179.39037681015182
220 176.01271622271315
224 172.5657327406273
228 168.73508255425736
232 164.05021408764023
