60 180.67210021158877
64 183.6084580682945
68 186.7406120413661
72 189.4543745125238
76 191.9695283820616
80 194.51168402767436
84 196.85209731178256
88 198.90100562429961
92 200.68476946886014
96 202.5005107190088
100 204.20859301348423
104 205.50199643917284
108 206.52475667585293
112 207.340213249109
116 208.2446075299792
120 209.12810952224845
124 209.7436665476671
132 210.38419883913434
136 210.43680095036828
140 210.43584380238067
144 210.49297325105175
148 210.352068405032
156 209.4873592381044
160 208.70132254224532
164 207.76128989939627
168 206.75070051734787
172 205.59479818574872
176 204.01967432018768
180 202.2779386724664
184 200.41268623165857
188 198.3394835518049
192 196.18345903175197
196 193.76307973212266
200 191.27133043862676
204 188.58107089250785
208 185.758042288541
212 182.8204876773005
216 179.60669507043247
220 176.1698783494672
224 171.98983540547118
228 168.32048980326428
232 162.95392396558935
