60 180.3999592390184
64 183.71918245524097
68 186.95413459196044
72 189.72487881243075
76 192.263896275352
80 194.5598667919602
84 196.77504436522713
88 198.8604223359264
92 200.78213732072703
96 202.6293059380647
100 204.37568487158788
104 205.86388909400708
108 207.03923561725168
112 207.91339462936511
116 208.8920413688464
120 209.65013273087942
124 210.11994291549865
128 210.3288719742373
132 210.52200855678382
136 210.76933281438022
140 210.7943680076616
144 210.74470305795654
148 210.6142297468545
152 210.28505389780358
156 209.84536509309154
160 209.24449062021782
164 208.43535354123722
168 207.29257497730595
176 204.66038453698195
180 202.97089705303864
184 201.1260426485527
188 199.14352180306742
192 196.9327026385631
196 194.40373294770478
200 191.5655054876101
204 188.89380280324212
208 186.07699405473016
212 183.3134664268691
216 180.23310013262585
220 176.73447520352875
224 172.92475380255908
228 169.10350977856638
232 163.8987214964055
