60 179.65226001532633
64 183.32610564318242
68 186.99126179434882
72 189.47144254827924
76 192.0199893738164
80 194.5639121038521
84 196.80429414229337
88 198.84775988411516
92 200.79317655677391
96 202.53018064307722
100 204.2637188767824
104 205.63332606236256
108 206.6695075178264
112 207.4883096872997
116 208.33197890347523
120 209.14230830726015
124 209.71809225684245
128 210.23639558721106
132 210.52366339749494
136 210.6237928048348
140 210.57538275632783
144 210.56231408935164
148 210.3622218714135
152 209.8319258866889
156 209.18691662493015
160 208.4562671268202
164 207.5433553120082
168 206.6953272285041
172 205.52929582980184
176 203.94319488022808
180 202.19972735120987
184 200.28802604699467
188 198.31282556824124
192 196.17350636085396
196 193.92907284678793
200 191.3759017983939
204 188.59806842199146
208 185.63270782408517
212 182.43003943585472
216 179.05377662129698
220 175.4799724034019
224 171.77292952434632
228 167.0443848098524
232 162.8863840665406
