56 179.803504069884
60 181.7277559353194
64 185.03649038251444
68 188.13283452234884
72 190.6878902293387
76 193.09352672762992
80 195.49104666746007
84 197.98261782851378
88 200.18847258253638
92 201.98922306442793
96 203.68175368810557
100 205.00303683622408
104 206.3211007339793
108 207.63722114965404
112 208.7641984850692
116 209.60884467527165
120 210.53737917362912
124 211.11059967668788
128 211.53842237684503
132 211.68297116838295
136 211.74475046745727
140 211.75565628077894
144 211.51609442319585
148 211.19885205029675
152 210.7659406253731
156 210.3147564467586
160 209.6950131284733
164 208.88804858343306
168 207.76729695373842
172 206.39259552492217
176 204.77463856474742
180 202.98790949729354
184 201.13023249025247
188 199.2351463380691
192 197.03192712003587
196 194.51683330944016
200 191.55140124313158
204 189.01356660878963
208 186.44281595787461
212 183.444515303486
216 180.1989645930666
220 176.6030097909005
224 172.78476619261983
228 168.91036636121186
232 164.51270675837165
