60 180.75542994684884
64 183.81807568514256
68 187.1506647911537
72 189.8974229974119
76 192.43074990270856
80 194.70693304758777
84 196.81015766870735
88 198.6586816364407
92 200.4910902496115
96 202.35082433079526
100 203.9766320626468
104 205.32194244954067
108 206.50528723472758
112 207.55346838788208
116 208.49190838298819
120 209.27100485583298
124 209.845081694097
128 210.27955843537734
132 210.55659162310212
136 210.69082995252663
140 210.6373953916075
144 210.45580087622835
148 210.31562198879533
156 209.48440439391112
160 208.9056398177418
164 207.99336209271894
168 206.77982957181345
172 205.4416006576762
176 204.02614766623833
180 202.45257849859223
184 200.4239970689324
188 198.31948264520074
192 196.09007688542565
196 193.747280621706
200 191.16389068477048
204 188.3743026445099
208 185.40391361357857
212 182.28453059068505
216 178.9990896036428
220 175.47537079965628
224 171.39931549335682
228 167.39319577767557
232 162.86067954151363
