60 180.36025234526744
64 183.9131995374068
68 187.20635669343102
72 189.9587938123364
76 192.40078057843695
80 194.78231711357108
84 197.07748033068262
88 199.00135191608302
92 200.74834874015133
96 202.54103983891642
100 204.49243459064178
104 205.82311341305942
108 206.97669369199673
112 208.0476264560494
116 209.0268180349018
120 209.64016723991008
124 210.15339480828885
128 210.45404074531783
132 210.6070922237914
136 210.7805004531516
140 210.66940421051635
144 210.55629287431168
148 210.45256317765256
152 210.1421698627622
156 209.60679315208782
160 208.78695433066903
164 207.93872904889844
168 207.00975155814947
172 205.84802122596034
176 204.42064651094893
180 202.7403175394884
184 200.8751582964821
188 198.8612752469099
192 196.5067156963018
196 194.16959549309306
200 191.6480404802373
204 189.0632151382233
208 186.29149124035177
212 183.12315319700514
216 179.75875841778625
220 176.0922681764432
224 172.2988284965256
228 168.85685296202075
232 164.08847973464
