60 180.38727189146104
64 183.67518475018633
68 186.81386959401277
72 189.41124508304932
76 192.1477333223317
80 194.6134168726568
84 196.95905052883836
88 198.8675025507252
92 200.6941517501281
96 202.43601733910748
100 204.11605899830647
104 205.33927386132027
108 206.48643381333608
112 207.48075891655313
116 208.4944762016857
120 209.22892250795002
124 209.77140747498925
128 210.19508034151102
132 210.45753276207296
136 210.59598451980992
140 210.59842304354243
144 210.41080138032248
148 210.31421635441157
156 209.2933058261712
160 208.50253878749538
164 207.5600609615135
168 206.32973425977153
172 205.16880105097096
176 203.91261594102673
180 202.39254874565097
184 200.52374000186998
188 198.56137317563312
192 196.40277101751659
196 194.09984870034504
200 191.35079333037942
204 188.45483630489548
208 185.49423496821632
212 182.5467499741713
216 179.2913601986379
220 175.85676000247017
224 171.84283876637835
228 167.67870398672875
232 163.3519205859385
