60 181.35805288624806
64 184.17837297556068
68 187.40742095244633
72 190.2323517311693
76 192.74007409297315
80 195.01765344161714
84 197.15931915077562
88 199.31894134874065
92 201.36493994179654
96 203.1229460981313
100 204.76409682103179
104 206.10821293342292
108 207.29405312611684
112 208.16515502810876
116 209.05117917425346
120 209.82394783956823
124 210.33555177809467
128 210.4352501237456
132 210.63339993842948
136 210.81875701200948
140 210.70943201847405
144 210.63136028859336
148 210.5153237551209
152 210.19104621309785
156 209.71666282649085
160 208.85998001694085
164 208.1621649262589
168 207.23865559989724
176 204.51818107762125
180 202.8714860549795
184 201.1041003483961
188 199.0097035394613
192 196.7103441061005
196 194.05751342827645
200 191.40319481180882
204 188.7049809294162
208 185.88119095259458
212 182.85748971305702
216 179.50386316087702
220 176.25866128031527
224 172.33210778237748
228 168.18392597557568
232 163.13175451881858
