60 181.2148448151209
64 184.0703303036264
68 187.36715020040538
72 190.0053786237701
76 192.38334091514804
80 194.56890046070464
84 196.7848287194431
88 198.929664453616
92 201.0310340084414
96 202.8707375601621
100 204.60381058193332
104 205.90163760224283
108 207.0807324695332
112 207.86281700445238
116 208.78742148297147
120 209.429725251688
128 210.2552941478061
132 210.49684249843293
136 210.57535415478276
140 210.5106633220902
144 210.58901571493095
148 210.4558415350185
156 209.535434648079
160 208.8432627595061
164 207.99280763820857
168 206.87090712832975
172 205.43660600909942
176 203.8261634630273
180 202.0778849632814
184 200.21666533997984
188 198.48237884190507
192 196.4189409233261
196 194.06409159829644
200 191.43119722575352
204 188.63703036167425
208 185.61223694835962
212 182.4678383086652
216 179.38201855978434
220 176.0399966021991
224 172.01111269007424
228 167.4396292705507
232 162.86726747749947
