60 182.60932112129416
64 185.52562231426612
68 188.4126328727877
72 191.10530238827067
76 193.71551075216104
80 196.0267127296753
84 198.25474108122805
88 200.31907475077108
92 202.05059932723913
96 203.69242856062874
100 205.30172451032072
104 206.7519049490599
108 207.98322873654394
112 209.10231501376063
116 209.84796872423897
120 210.54465066207587
124 211.0304440963812
128 211.33965082416807
132 211.67416988937129
136 211.8120491627202
140 211.7489354736328
144 211.46240353387546
148 211.33123087862984
152 211.09855754688803
156 210.6924141150459
164 208.91114546380038
168 207.7556913544938
172 206.39662523828963
176 204.8834400080168
180 203.25243760630832
184 201.59834665597296
188 199.6655254245712
192 197.4603464034895
196 195.01846577940404
200 192.38461780002086
204 189.5539750815212
208 186.86626263445967
212 183.80735525829328
216 180.31557093987098
220 176.57446386899306
224 172.6745937181144
228 168.81109516262154
232 164.65929380268955
