60 182.5179695150842
64 185.6438295139551
68 188.76329568731643
72 191.46891633689233
76 193.91954141863596
80 196.370958414739
84 198.5703721727881
88 200.68619927510392
92 202.39900174827537
96 204.06366048346808
100 205.53347933326805
104 206.88346598785364
108 207.9127081093229
112 208.9932630830217
116 209.83773641372835
120 210.60379258872462
124 211.1202923247369
128 211.5246976407132
132 211.77119603872228
136 211.92369223571612
140 211.83834704863307
144 211.6481635037049
148 211.31312449566656
152 210.93208558080443
156 210.4824095268495
160 209.7368110160193
164 208.97806161550938
168 207.9292604363007
172 206.67387092039257
176 205.0733556122603
180 203.46345543134476
184 201.64570392224863
188 199.69402343777205
192 197.62890639176223
196 195.33329428897778
200 192.5584543410371
204 189.70637576935619
208 186.78877033123482
212 183.53760543814894
216 180.10508007163304
220 176.5062098600469
224 172.7449107824109
228 168.95145457940293
232 164.88673248609493
