56 179.70706035239897
60 181.30240699376483
64 184.17459531678168
68 187.29442826531147
72 189.94577891615194
76 192.54867008182103
80 194.7936787653881
84 197.14418752972193
88 199.25973973810707
92 201.20157255795445
96 202.96295292506696
100 204.6659982361043
104 206.07760304750607
108 207.21882740287413
112 208.17074122705714
116 209.03838436958782
120 209.640145081198
128 210.36656220972225
132 210.6597573367269
136 210.8340677216882
140 210.65005455817175
144 210.6327693041182
148 210.4468921799902
156 209.42856764859687
160 208.67162362983967
164 207.80084462306024
168 206.85217455181342
172 205.7419808421602
176 204.4703968059899
180 202.88230769932898
184 200.87809859155513
188 198.73190435387045
192 196.44011134874955
196 194.07087633001606
200 191.32865658664747
204 188.40602687943118
208 185.53274717960255
212 182.46624235327516
216 179.20881267411738
220 175.74953415615562
224 171.87908309267797
228 167.7776512468692
232 163.14855931574732
