60 183.06441329944664
64 186.30123692975593
68 189.174593954591
72 191.851929267224
76 194.24232277773157
80 196.53273197640834
84 198.84398114559798
88 201.05424189048907
92 202.97665605327393
96 204.73832041345153
100 206.08353678422475
104 207.26856665881786
108 208.34982529883297
112 209.44067864700384
116 210.34495177357792
120 211.07938395946854
124 211.57902781905688
128 212.03019178495495
132 212.33284931487302
136 212.63175917007987
140 212.5901572488271
144 212.34977702367692
148 211.88896192406293
152 211.373224862928
156 210.75402384707462
164 209.06334384446197
168 208.12141128486516
172 206.92881577752996
176 205.48695248903476
180 203.82225741136648
184 201.9139894852009
188 199.72488606412202
192 197.4171056281955
196 195.20140450844872
200 192.74575353502937
204 189.90168639008115
208 187.05771715588514
212 183.9980926640884
216 180.60676165377106
220 176.90945761260406
224 172.76441992321534
228 169.0625246457086
232 165.44900254532735
