60 181.766799475926
64 185.19501701914726
68 187.95772638681393
72 190.68335504036577
76 193.1432180474838
80 195.5406343722127
84 197.99022027428154
88 200.2615327375218
92 202.15592621622915
96 203.92875625402394
100 205.3797608410228
104 206.6489657771088
108 207.74349726885276
112 208.70883339808447
116 209.5824340508468
120 210.38389895714988
124 210.94774522080883
128 211.37283432950363
132 211.59902600254634
136 211.73267217661916
140 211.62028531649992
144 211.40246334231009
148 211.09084260878606
152 210.75782084443279
156 210.4030359044187
160 209.78026631647222
164 208.87317018432464
168 207.77703881381478
172 206.4926514648938
176 204.9227393510773
180 203.12758610373209
184 201.263826045313
188 199.3565043159886
192 197.26717678042047
196 194.97895732164153
200 192.16613355095973
204 189.29957965030732
208 186.5309850612544
212 183.3109501726687
216 179.95031642134526
220 176.5331330583277
224 172.72174889101285
228 168.8187274660187
232 164.40619052852338
