60 180.74986815676894
64 183.6985474941763
68 187.1213950394137
72 189.87029609927583
76 192.55938813713152
80 195.1151090527645
84 197.40851646845516
88 199.45881508234092
92 201.11133396041828
96 202.70272634341296
100 204.31795826950213
104 205.63949731250824
108 206.87921671723444
112 207.80535620888628
116 208.7773584937481
120 209.54530246565471
128 210.43880933376545
132 210.66000445096833
136 210.74571080614726
140 210.65334556602025
144 210.57122546992036
148 210.54991751243148
152 210.22723690122876
156 209.6481704139527
160 208.86478557394437
164 208.04495794799692
168 207.0079045037601
172 205.71089138079842
176 204.27654586936205
180 202.7021853517367
184 200.8393707574902
188 199.01131191005922
192 196.78882166174245
196 194.24666102598917
200 191.4739504333408
204 188.55230373098013
208 185.65217726817798
212 182.70518551572403
216 179.65383467395162
220 176.2971496666527
224 172.18274690151424
228 168.1404344043068
232 163.40952529765198
