60 182.86884355207744
64 185.59351359815076
68 188.44451758678693
72 191.10751483182722
76 193.724353533688
80 196.1306606428443
84 198.35363122224956
88 200.35970683344345
92 201.9878296324523
96 203.66001888813358
100 205.13815546075676
104 206.5500318938341
108 207.77349726097748
112 208.73605447395536
116 209.6822093343229
120 210.34408319210016
124 210.77771576676517
128 211.31441997256388
132 211.56230024758713
136 211.84484300869468
140 211.72547670478815
144 211.42046497515196
148 211.0908698445601
152 210.6913246491264
156 210.18754986092603
160 209.46512439478244
164 208.62947179581602
168 207.65796120114635
172 206.39251092863634
176 205.11923521977658
180 203.55680651092058
184 201.6412516231273
188 199.4554570228732
192 197.19798500742118
196 194.6544686528021
200 191.82152025529746
204 189.09427186595622
208 186.3376488224955
212 183.18925874878948
216 179.93315695591622
220 176.5409760139149
224 172.92592820068575
228 168.9092337940325
232 164.87978286035192
