56 181.23739436014185
60 183.68372383461758
64 186.4466288226256
68 189.5345316312288
72 192.19304459976408
76 194.67442933580088
80 197.203976941238
84 199.5682781903897
88 201.67370228377965
92 203.4340547631213
96 204.85392182982324
100 206.26846732858874
104 207.58518767372166
108 208.76764662433484
112 209.76058470763962
116 210.636748358935
120 211.22037053446718
124 211.653952662929
128 212.26795821949972
132 212.65465799756288
136 212.9356437314258
140 212.96445546402686
144 212.76927584025216
148 212.3131105782108
152 211.71018225325048
156 211.1602073277231
160 210.41697469784418
164 209.53071727374987
168 208.33897144848444
172 207.20866335804408
176 205.84916982351297
180 204.2577128356334
184 202.15996661220476
188 200.00448031431964
192 197.70216866670071
196 195.28182509057234
200 192.7566784714428
204 189.88095436006637
208 186.8714436261455
212 183.67441120241352
216 180.2808988953073
220 176.88390237485822
224 173.01082858860514
228 169.0160991596636
232 165.47551933300014
