56 180.50193846883508
60 182.91611733687998
64 186.3048109826384
68 189.19599342870367
72 191.81376577348408
76 194.3675210090746
80 196.85344799425258
84 199.2381167858889
88 201.2817857029656
92 203.0366068591528
96 204.70894464211014
100 206.2410361309779
104 207.63581725285744
108 208.7591395580797
112 209.69326394886593
116 210.3530852798014
120 211.0050180577294
124 211.59651394419495
128 212.13607510858984
132 212.53014718339915
136 212.69439290115335
140 212.69530482096545
144 212.5184299565442
148 211.92357835803057
152 211.38496224675038
156 210.91989060274312
160 210.15843024027907
164 209.21458889053164
168 208.20167887129233
172 206.9936515771997
176 205.54053873805196
180 203.83686762960542
184 201.91724111953735
188 199.8618109321827
192 197.66152969388972
196 195.26613192427908
200 192.63872895054146
204 189.8519797490076
208 186.9185805095735
212 183.595813692764
216 180.09333415132554
220 176.69808031201148
224 172.91214601945836
228 169.05807575879874
232 165.00331826660786
