56 180.32572064250638
60 182.97432209967627
64 186.1438412936726
68 189.5413026337524
72 192.51288417921936
76 195.00691732200843
80 197.2171925964456
84 199.24554496858323
88 201.32495603144505
92 203.36218030873178
96 205.11960160259918
100 206.47785537181974
104 207.7253719619201
108 208.93265011533342
116 210.7799666771695
120 211.28376465784947
124 211.70778513819218
128 212.26966905465466
132 212.62705035707137
136 212.6797993003699
140 212.6247119303763
144 212.33916763995418
148 211.8109203585406
152 211.36779423038234
156 210.7884717162656
160 210.14108212340486
164 209.29631059448963
168 208.12071233293506
172 206.82140091147033
176 205.40973258274215
180 203.695441823953
184 201.77397936647264
188 199.60384885010723
192 197.3109868353873
196 194.97946052036417
200 192.25953730244547
204 189.29766842609286
208 186.48092194285186
212 183.45760047582638
216 180.1677377564943
220 176.53169811947805
224 172.43081963623217
228 168.50292510943677
232 164.92601247453513
