60 183.5121611914488
64 186.47249799897378
68 189.2926049628237
72 192.04766531557317
76 194.65500166493092
80 197.037049043521
84 199.34998329168735
88 201.5731526614744
92 203.47247211696197
96 205.04635434394416
100 206.49810131152276
104 207.70306645390795
108 208.88621371119794
116 210.93985315601577
120 211.4948337318074
124 211.8114582012899
128 212.26959911858393
132 212.61938053605752
136 212.84344450530938
140 212.92677740115766
144 212.8288493450663
148 212.34165839231
152 211.8544260682952
156 211.20274808742244
160 210.38657350443793
164 209.35516090361432
168 208.28863817639257
172 207.04417126440086
176 205.6138929904672
180 204.05490448392194
184 202.22217193233777
188 199.92084597936235
192 197.57397797535083
196 195.1636763673451
200 192.46747457855918
204 189.51137981854876
208 186.64704484581932
212 183.43260222290132
216 180.223649668576
220 176.75763367545622
224 172.9335918973096
228 168.83922210910316
232 165.11813525050815
