60 183.2625550233151
64 186.94995815157256
68 190.06370533493632
72 192.82251188451232
76 195.37733839493086
80 197.79384377356212
84 200.0337897481642
88 202.13814103310978
92 204.06648395172604
96 205.72863940961105
100 207.17617930143362
104 208.42956182227988
108 209.64661491376495
112 210.60371668959718
116 211.4413765386533
120 212.23931664644755
124 212.84303857368585
128 213.2459034003493
132 213.45950642185954
136 213.6492752114645
140 213.62218011240034
144 213.4695815740476
148 213.19354627027704
152 212.70698616306288
156 211.94519767412373
160 211.02538125424599
164 210.14617353782717
168 209.22355856714708
172 207.8679608509977
176 206.37623623587228
180 204.73391046603993
184 203.07544428686109
188 200.88258438425922
192 198.32802184568732
196 195.53501921695081
200 192.76254423142768
204 190.03707047500023
208 187.1491159386776
212 183.95259222578258
216 180.62464203812206
220 177.1630255798213
224 173.62331011335021
228 168.79172894509492
232 165.2021078523701
