56 182.8054315451978
60 184.64962521943312
64 187.19029821852888
68 189.8167589231237
72 192.31943334217974
76 194.60894390931495
80 196.9738070766099
84 199.28738348333
88 201.4549162633997
92 203.33424968589446
96 205.01761717209638
100 206.4835692495171
104 207.79747239459357
108 208.95757073410937
112 210.07191668321482
116 210.85084953461833
120 211.44584274861577
124 211.8743905413588
128 212.36837308508547
132 212.67583812777593
136 212.90961876819833
140 212.98561956430785
144 212.73014736844652
148 212.33594459522374
152 211.62571085271347
156 211.0632580655809
160 210.21324215797216
164 209.33477335389108
168 208.19720902302566
172 206.9378133027588
176 205.61990852341876
180 204.0618040034553
184 202.2816642071054
188 200.08749643810216
192 197.78949867241434
196 195.3821794254952
200 192.7871005209304
204 189.74813797354037
208 186.7729417348209
212 183.72613162645285
216 180.60188403864524
220 176.96707742042994
224 173.11248910913662
228 169.02482415417632
232 165.31056721293447
