60 183.660171148582
64 187.02316878532514
68 190.19445351607413
72 192.73878039946044
76 195.07068221767122
80 197.37848065231293
84 199.72203048549648
88 201.98630118239416
92 203.79526415237405
96 205.36555357816127
100 206.83060551233305
104 208.19416963405115
108 209.47307400674714
112 210.51614313348267
116 211.26709950697546
120 212.0592593285659
124 212.6205702257265
128 213.0905961163866
132 213.33519313706904
136 213.49761113511107
140 213.41009457495886
144 213.03984110096292
148 212.75541137673474
152 212.27728022986804
156 211.76998321508785
160 211.0421480878927
168 208.77217241942827
172 207.58226980881616
176 206.11886124861766
180 204.50627859786323
184 202.65887388657984
188 200.66520106629835
192 198.4147897195921
196 195.6945527761287
200 192.83843522984344
204 189.78847934507178
208 187.1125242195561
212 184.05925213584723
216 180.6261692500688
220 177.10562151277293
224 173.44622311419218
228 169.33822215507567
232 165.55737022404844
