56 181.32900856767034
60 183.83962399106338
64 187.4729086427228
68 190.4214977104058
72 193.1532369947304
76 195.55954747359038
80 198.13210168975667
84 200.2945985916619
88 202.38566361424526
92 204.2301677375579
96 205.97661029873126
100 207.4610957487661
104 208.8623475929839
108 210.0778571292442
112 211.06565499972413
116 211.77548519533718
120 212.5388445733484
124 212.98674075537198
128 213.3862215468481
132 213.6488625473881
136 213.8473438968478
144 213.71343162320767
148 213.3364421379768
152 212.8737908834683
156 212.18742819070366
160 211.39142446581127
164 210.3976933309704
168 209.18417235504003
172 208.0518530887896
176 206.55526490751703
180 204.8874953540474
184 203.13590299701093
188 201.1514675509561
192 198.80006983205715
196 196.36831668639806
200 193.60695076460095
204 190.55770211014362
208 187.44869228103153
212 184.4125738341346
216 181.28024256740534
220 177.83331258390692
224 173.6780296900711
228 169.13169494430431
232 165.57896519042873
