56 180.29633130913038
60 182.7551473919114
64 186.14849577165174
68 189.07622957919
72 191.77350427980463
76 194.44691263250508
80 196.86149893296385
84 199.17901125140463
88 201.3427104987328
92 203.03783847725754
96 204.54391430642153
100 205.84449618154613
104 207.16674755290245
108 208.25972749984362
112 209.44926958860427
116 210.38105766220878
120 210.95728142120043
124 211.42052915118853
128 211.96324290025254
132 212.24791793928514
136 212.5591765285576
140 212.4536714818421
144 212.26986125449662
148 211.69049606863175
152 211.1343305125344
156 210.6222086133063
164 209.14433536909928
168 208.02742876843143
172 206.7400134214276
176 205.36337962873242
180 203.80129270709
184 201.9256379831346
188 199.85047632334536
192 197.51182257420203
196 195.11358576743677
200 192.25167664931323
204 189.39899569490993
208 186.50968856730572
212 183.54577726145124
216 180.29050215004682
220 176.66231581604507
224 172.64684163380844
228 168.3850572705145
232 164.68871603962896
