76 188.45131149510064
80 190.7345309296226
84 193.3756137587365
88 195.77484498386093
92 198.01884462401796
96 199.952693569228
100 201.91376332798293
104 203.60741112460565
108 204.91618713456916
112 206.12683949878718
116 207.23048906392904
120 208.39043778736115
124 209.5272227932378
128 210.3807424621823
132 211.1059920336435
136 211.5086039726748
140 211.7640841529295
144 211.86537345862791
148 211.90453641444975
152 211.69865050194664
156 211.39142093116453
160 210.88153020986343
164 210.3257287643742
168 209.6213289225728
172 208.75346801384873
176 207.67900414774618
180 206.496880102305
184 204.99811770110367
188 203.3810930692185
192 201.62162774562884
196 199.77987813612145
200 197.57459193652892
204 195.15656297351404
208 192.62446786145819
212 189.93935831928448
216 186.79549367352126
220 183.3850808833189
224 179.9889441663782
228 176.4054158164034
232 173.04152122048285
236 168.86464491960527
240 165.10129601862818
244 160.359726701505
