60 182.9011037696166
64 186.65311129529945
68 189.97894954772522
72 192.77101904415468
76 195.32396383638167
80 197.64448319687475
84 199.83386749442468
88 201.98338464615196
92 204.03214590186968
96 205.65078792710582
100 207.1562324805197
104 208.37192955948507
108 209.55898262864892
112 210.57698202664412
116 211.28257900199625
120 211.8938130009846
124 212.45427711254968
128 212.94284797858705
132 213.28510952012851
136 213.3802298255765
140 213.35434522217145
144 213.12745810862742
148 212.94678530709365
152 212.36292426050278
156 211.64757410732156
160 210.76623144153837
164 209.77405135102345
168 208.6767449322007
172 207.4689955056562
176 206.13149151786735
180 204.3884501758907
184 202.51829068296522
188 200.48096577893733
192 198.1646283770217
196 195.6152838962646
200 192.80534063644023
204 189.78725690038635
208 186.89480845237694
212 183.84746059857986
216 180.57151477546302
220 177.17741749514073
224 173.15803179206108
228 168.9493853906963
232 165.13468198429504
