80 190.98760768516598
84 194.0005449769191
88 196.32551345009296
92 198.3000324696601
96 200.14179692638436
100 201.84061881122093
104 203.49803994479328
108 204.83702001225643
116 207.11793785005602
120 208.08036278328407
124 209.02493164237234
128 209.6288326521298
132 210.17188673806436
136 210.38939534197252
140 210.5107002653598
144 210.5746763592676
148 210.5526233512594
152 210.56948219355783
156 210.46746798352106
164 209.60671055738277
168 208.8655449574719
172 207.72399334913882
176 206.45313314954115
180 205.17834461708006
184 203.6866215480396
188 202.03372981447512
192 200.22313944850745
196 198.25395889050608
200 195.90051813459445
204 193.24971454545206
208 190.33290584182026
212 187.4384433498347
216 184.4917008389271
220 181.37643062129047
224 177.9368674419186
228 174.06098257194236
232 170.31965982398793
236 166.1961953472251
240 160.05864272540464
244 156.30580924376466
