80 191.4969195723467
84 194.1673179999506
88 196.73481244504848
92 198.7514479912897
96 200.557023260653
100 202.25886043622145
104 203.94983494487715
108 205.27853480525621
112 206.48011003021514
116 207.71643618997672
120 208.86002842157075
124 209.77379525090646
128 210.53670650750297
132 211.0193615274158
136 211.42258214034757
140 211.63709498421647
144 211.88858544649466
148 211.7572555356036
152 211.4467981752615
156 211.09324560303125
160 210.60548809287104
168 209.32839921861637
172 208.55768500335552
176 207.4170803745877
180 205.99750403532525
184 204.3635800099118
188 202.71026581548864
192 200.92592545178465
196 199.03433482042476
200 196.69485837764108
204 194.14314578006426
208 191.2982691710469
212 188.47562172264367
216 185.43655632213375
220 182.2389438074976
224 178.8841568265762
228 175.6014824479771
232 171.85304036417529
236 167.42185781794467
240 162.3208513102708
244 158.07017935298688
