60 183.47197314844
64 187.0073694367518
68 189.99890805315684
72 192.57000242251712
76 194.74564531952643
80 197.1496385693402
84 199.50927417415028
88 201.79976133329313
92 203.74481889026546
96 205.34279271996706
100 206.7106368289763
104 207.9843013402413
108 209.23924416117598
112 210.30952239348454
116 211.00100245405505
120 211.68005058093706
124 212.1431257919703
128 212.68654053260062
132 212.81613905010545
136 212.95899742227755
140 212.82847321674814
144 212.76491860164884
148 212.47973511485594
152 211.8375442596516
156 211.29410334332073
160 210.6402976699875
164 209.73440023990696
168 208.52408380141918
172 207.2904457693501
176 205.91730304955104
180 204.25674017284626
184 202.3054447819512
188 200.27069301465824
192 198.11585685423077
196 195.66292654243003
200 192.90488299822016
204 190.10674277037975
208 187.18555348369156
212 184.05676992482563
216 180.31888539561342
220 176.648158973249
224 172.75003313740504
228 169.12376968328334
232 165.66099925274978
