60 183.6325905695415
64 186.89844897207553
68 190.17159034300278
72 192.96373124569413
76 195.43150769894456
80 197.92802485370612
84 200.16734175008202
88 202.1750116575833
92 203.94126672934854
96 205.39326452512054
100 206.79928023714075
104 208.1488443264483
108 209.34764087622546
112 210.415373962246
116 211.1975805511442
120 212.06689341524395
124 212.5883491119086
128 213.05653473524632
132 213.26924217728646
136 213.39240157571123
140 213.4814447209084
144 213.26130349648147
148 212.95934845472772
152 212.53008123779597
156 211.88946535491388
160 211.14517095906746
164 210.10310962045568
168 208.95740463254242
172 207.56561201079663
176 205.99430739432006
180 204.43422622320122
184 202.63345729980284
188 200.4292514059069
192 198.16416279583464
196 195.71173993957433
200 193.02426765429192
204 190.04201756578442
208 187.12539182675073
212 183.8253439313246
216 180.51031758608954
220 176.99050649004
224 173.2196533922349
228 168.7929557410564
232 165.10634015895442
