80 190.72009338999806
84 193.8491842371383
88 196.19858370722653
92 198.4378076521707
96 200.45424840417894
100 202.38259766272196
104 204.07154228711678
108 205.38514794531787
112 206.6206567347871
116 207.8825713047336
120 209.11411221587517
128 210.82289936707258
132 211.39050998395
136 211.80090216961744
140 212.0595379469268
144 212.52619632213964
148 212.71493931738445
152 212.67840390033814
156 212.15766999694517
160 211.61556569121012
164 211.0698906002124
168 210.45748316788897
172 209.79591170583564
176 208.7532952617543
180 207.24610944391276
184 205.719229475085
188 204.1025607921047
192 202.41863341027613
196 200.18155449419933
200 197.73330315106466
204 195.436678047834
208 193.17576416718384
212 190.2887352522726
216 187.20616921347732
220 183.8343782844057
224 180.74726992158597
228 177.63270320574185
232 173.8143807110198
236 169.73270378193916
244 159.81178597376868
