76 188.60513159781493
80 190.5056399334792
84 193.11608268347098
88 195.29578327556746
92 197.4415027717542
96 199.55110681119584
100 201.60909449385971
104 203.3868450304095
108 204.71969928478043
112 205.7792463093954
116 206.92225189445793
120 208.18721163235963
124 209.35665703298145
128 210.2682640265107
132 210.87221144550495
136 211.24844980143953
140 211.53158533173968
144 211.74921331700662
148 211.83829462253073
152 211.8306494367731
156 211.52839185829967
160 211.0745756205238
164 210.46578053607644
172 209.20919340968123
176 208.2221364000664
180 206.86829557040147
184 205.36540629860133
188 203.78270418991028
192 201.98055945099415
196 200.00162211652045
200 197.77921491361946
204 195.57304295523113
208 193.141159560534
212 190.37179511320468
216 187.38167738090795
220 184.1948859484529
224 180.88864712187785
228 177.54469446050595
232 173.92710413877148
236 169.98701880048986
240 166.91336773466804
244 159.84017418876633
