60 188.3261560957631
64 189.71818761695414
68 192.4821275112237
72 194.61864915187803
76 196.52757954451477
80 198.615978439905
84 200.6161795324555
88 202.2572587132899
92 203.78272594776814
96 204.9951174284286
100 206.21440758872353
104 207.23829293250955
108 208.10247753559338
112 208.78603220852526
116 209.40223950984344
124 210.32818803842576
128 210.4888178094935
132 210.55313874784778
136 210.42548519983583
144 209.54224488103858
148 208.97737370612762
152 208.56767829399283
156 207.74305887882122
160 206.78539800763144
164 205.3796904876213
168 203.98953594206117
172 202.4847131602075
176 200.7734228522604
180 198.79037283922042
184 196.54761089429806
188 194.29879915314578
192 191.65724496266517
196 188.83796785357902
200 185.5252482040398
204 181.8856669195681
208 178.17921802950008
212 174.44467133905374
216 170.67296134329737
220 166.6187488141598
224 159.6434368651282
228 156.10142707048075
