76 187.09800319415814
80 189.28565102627397
84 191.86517183184662
88 194.1522753778282
92 196.21678960433812
96 198.18344435746988
100 200.07135140217616
104 201.70344929568495
108 203.1349252986363
112 204.42838076683566
116 205.8195192618971
120 206.85812217308745
124 207.62518175487577
128 208.44905600108953
132 209.11081587343563
136 209.72622463702092
140 210.1967246797645
144 210.32963505285457
148 210.486716900074
152 210.43206899719826
156 210.25030125636852
160 209.7746431376695
164 209.11470776208108
168 208.4051827968036
172 207.552938308024
176 206.66527062865765
180 205.5536264785541
184 204.2188575888942
188 202.71387070566453
192 200.9378620387327
196 198.8846580964843
200 196.52399601868888
204 193.94850693924286
208 191.40804581673854
212 188.8009709437772
216 185.7444919686469
220 182.78613888457897
224 179.58900717307716
228 176.14476465489338
232 172.2674086619347
236 168.79468372772774
240 160.59025716450066
244 157.53167482080949
