72 186.60788088531297
76 189.6015203314288
80 192.54299676990362
84 194.95692077150696
88 197.06678422129534
92 198.82702185129708
96 200.75557170160508
100 202.4229760371532
104 204.16574010196285
108 205.50199062360596
112 206.64223148575653
116 207.6821329144671
120 208.56731047913024
124 209.28194343627987
132 210.37737574365042
136 210.59717688263797
140 210.54073572798967
144 210.64008635333423
148 210.56300627557783
152 210.32515371939138
160 209.36460081400753
164 208.71473689366312
168 207.76482840455714
172 206.56665491449957
176 205.25146803306254
180 203.81386405350034
184 202.28266974782747
188 200.39653067783485
192 198.221526336541
196 196.0258461238861
200 193.54538300420313
204 190.77009898897745
208 187.4522368259111
212 184.12959641641953
216 180.72703942902496
220 177.64945587075357
224 174.1054941431986
228 170.09792535002782
232 166.32298726949418
236 162.11283708147647
