76 188.00073995261522
80 189.677291816459
84 192.60161244755966
88 194.94057015602354
92 197.09725778202593
96 199.08518532021972
100 200.87274545540444
104 202.57257026952243
108 204.08048147511118
112 205.4781742616633
116 206.77170639677698
120 207.79069388168372
124 208.76354799460972
128 209.62689902785067
132 210.33054756808545
136 210.71003422930573
140 211.05390840498654
144 211.32839319009446
148 211.58863556713834
152 211.4624062838306
156 211.18723106590028
160 210.7541370602593
164 210.2823208599193
168 209.64637226779203
172 208.77905955456743
176 207.81084036651023
180 206.74560284335874
184 205.34482401995982
188 203.69881781403294
192 201.6980970207423
196 199.6321474895861
200 197.45255416664278
204 195.261292077314
208 192.75573761121038
212 189.9828779586477
216 186.8643061826753
220 183.63905712913993
224 180.49881963269533
228 177.13972171032023
232 173.58695128571938
236 169.78939609461145
240 166.35770798274163
244 157.90526614872152
