76 187.75630313441303
80 189.2864035304176
84 191.9669092917128
88 194.30760110288253
92 196.60384752109485
96 198.39467753085052
100 200.29350246897297
104 202.1067607402398
108 203.6319240461094
112 205.02280320311343
116 206.3421075643056
120 207.48264145286544
124 208.30606513672348
128 208.98001759385198
132 209.4749585101268
140 210.3589673953182
144 210.55517313333536
148 210.5609541883925
152 210.62370003285054
156 210.45236674667652
164 209.63073964398254
168 208.93373009458443
172 207.99384107139787
176 206.93488925488032
180 205.68658720321537
184 204.49188428892694
188 203.0170712474928
192 201.215556352252
196 199.3308702342607
200 196.98597075879826
204 194.4186304879255
208 191.82279396953922
212 189.19049519359154
216 186.0387785926779
220 183.12853454766417
224 180.14550958888412
228 176.7333081935667
232 173.21688999243855
236 169.534993426602
244 157.64671043522827
