60 187.5238857111098
64 189.65824650809896
68 192.19592072230498
72 194.23787876020637
76 196.25380182441737
80 198.34541998747048
84 200.27557226606925
92 203.51954435534805
96 204.97709215639827
104 206.85893765946622
108 207.52251327848103
112 208.43092211782033
116 209.2131781710239
120 209.75215906093254
128 210.28569792946328
132 210.35993715104598
136 210.25061232533704
144 209.388170879633
148 208.77031885963012
152 208.08239360305802
156 207.26507395708492
160 206.16711455905116
164 204.9043475102165
168 203.6232419156315
172 202.12332054009687
176 200.37050891498245
180 198.17173395869813
184 195.7622978561972
188 193.43364064880905
192 190.92202232654313
196 188.1464056486596
200 184.99416550803483
204 181.6251232428211
208 178.0611308566177
212 174.43562054632952
216 170.63937330630134
220 166.80969379472947
224 160.46386999324648
228 156.36552517723186
