60 187.14752027926545
64 189.62401667892357
68 191.98451770174466
72 193.9951887270049
76 195.9623451035383
80 197.99723140435717
84 199.95391784086118
88 201.63712608100508
92 203.08121194161396
96 204.51001566527935
100 205.7063528973
104 206.57768193183787
108 207.28186121533315
112 207.96948150315967
116 208.634410688206
120 209.2388992284683
124 209.63056021297254
128 209.84858894034818
136 209.665089902425
140 209.1289346755394
144 208.53058583578547
148 207.87281462998203
152 207.32520335960382
156 206.57285156889526
160 205.64474742907834
164 204.40499650607006
168 202.91556893573144
172 201.20829396866773
176 199.5000841685855
180 197.35688619681702
184 195.2425251325815
188 192.8917389955259
192 190.33872997403267
196 187.2776699687198
200 184.26604713186356
204 180.93396751836684
208 177.35900935068162
212 173.50429925352609
216 169.30134407881596
220 164.47953537325014
224 159.39933371513882
228 155.95750593023712
