60 188.27832458368732
64 190.12218010387193
68 192.5030952111114
72 194.56022462000033
76 196.41732907213753
80 198.25019899185995
84 200.24251555563563
92 203.3824142018431
96 204.8667700934522
104 206.96024504762636
108 207.66170016997324
112 208.4354214707871
116 209.13177870291275
120 209.56680473679768
132 210.1949811233917
140 209.7205808084482
144 209.16538113166058
148 208.65246826173762
152 207.86578128554225
156 207.0760786550425
164 204.98838656371305
168 203.71131244816763
172 202.21867843349932
176 200.3241268188251
180 198.19098516775577
184 195.764836526531
188 193.24040992219525
192 190.5480831154868
196 187.87752025714968
200 184.95456942990938
204 181.47061273133056
208 177.9763351896683
212 174.10896963290242
216 170.28449560924648
220 166.43541701588802
224 159.4771760451717
228 155.08817780839075
