76 187.9898456093742
80 189.79503961635135
84 192.83984903365038
88 195.34212336033778
92 197.5017443029943
96 199.22380194513158
100 200.95438894143052
104 202.65031283239074
108 204.22277481153077
112 205.39501558646535
116 206.69211190744934
120 207.83082592377366
124 208.83214071127338
128 209.6752225846104
132 210.26921093790227
136 210.72887404234243
140 211.06322419978818
144 211.33619952526908
148 211.58293304214936
152 211.53933176384396
156 211.27091956832075
160 210.8088632842084
164 210.39771312363956
172 209.0647103141963
176 208.05374168545515
180 206.87484033783423
184 205.5372840324103
188 203.83715923872887
192 202.02182064918276
196 200.07895280405822
200 197.92696701143987
204 195.61038267750746
208 193.03933374110764
212 190.3119761012797
216 187.46976827297087
220 184.35410470215857
224 181.1661361980938
228 177.84328539940768
232 174.07680765750536
236 169.99680460489645
240 165.77655932969267
244 161.26917238778708
