64 188.4630786934497
68 191.30076846228678
72 193.89927589653237
76 195.9932656132824
80 197.75192793400157
84 199.7440715461229
88 201.61294586950208
92 203.09340154602597
96 204.3307644819657
100 205.59717491063859
104 206.54317778278852
108 207.3929113705071
112 208.15164854223332
116 208.804819125369
120 209.4032303262043
124 209.75120318797605
136 209.72424634734574
140 209.40513119267737
144 208.85129320225022
148 208.37106917283964
152 207.67795362044092
156 206.90446972406886
164 204.85274004443005
168 203.48339208323614
172 201.96921660746926
176 200.1776114789642
180 198.280691560419
184 195.99647848559582
188 193.47319119333275
192 190.54015669082077
196 187.57658849625227
200 184.69039674090078
204 181.4426394741422
208 178.1110839014926
212 174.2224790785159
216 170.16596487661968
220 166.25510173679538
224 160.58927700833988
228 156.1863562362913
