60 188.32705622167163
64 190.14412659722217
68 192.56013476541816
72 194.77782728963868
76 196.671150197858
80 198.51251187156748
84 200.39617862844932
88 202.10863207912553
92 203.73097843662185
96 204.97174919019596
100 206.07420039387537
104 207.06109876685284
108 207.95897351972974
112 208.7673663968447
116 209.3460087590205
120 209.76162167518055
128 210.27048263640964
132 210.35899912075604
136 210.24405364025122
144 209.31659915942825
148 208.67735519262726
152 207.91094185560112
156 207.1985991121829
160 206.36285594222633
164 205.20074564403748
168 203.8419415195851
172 202.13416439220927
176 200.24148072193773
180 198.2326949995552
184 195.92402046056668
188 193.46642776302554
192 190.68668112055184
196 187.7468123408567
200 184.66794337688586
204 181.40935567435702
208 177.7078855903934
212 173.89495385612977
216 169.9743495472292
220 166.27573651005008
224 160.42829342971947
228 156.63103362557507
