60 188.23747489792993
64 190.0908333728242
68 192.7273312191731
72 194.71226196434276
76 196.75475672382515
80 198.65681644415176
84 200.469000942026
88 202.1772687218011
92 203.73428028134873
96 204.97453398694142
100 206.1042454493517
104 207.0779914552546
108 207.81072554113908
112 208.59734760742612
116 209.19964068501378
120 209.83272941432267
124 210.22987752018682
128 210.33154094780488
132 210.41201449172272
136 210.24472628180717
140 209.86108528864358
144 209.2736428102554
148 208.68266348611309
152 208.08177158050975
156 207.2437048298596
160 206.10396999862434
164 204.75824877115866
168 203.32454947086694
172 201.73029694191302
176 199.907384885077
180 197.88033839815003
184 195.57498933338877
188 193.17144193329418
192 190.57172272293448
196 187.44276343706414
200 184.12625673384616
204 180.6580764353892
208 177.27793250054015
212 173.62398526529324
216 170.05436159752583
220 165.8590932321637
224 158.68973161605686
228 156.53745226499797
