64 189.28109900824268
68 192.07459243195296
72 194.12084249546442
76 196.21124247025782
80 198.190543738708
84 200.11646293432767
88 201.8378070438917
92 203.2542507778968
96 204.74764660411674
100 205.8554533993815
104 206.8202169292336
108 207.56072643228
112 208.34264015615665
116 209.05975483548832
120 209.53833989451132
124 209.81595614576025
140 209.5583690497599
144 209.01591175941297
148 208.51766574426298
152 207.9034515188883
156 207.20384124466017
160 206.09716602788905
164 204.93378149588173
168 203.51134683806288
172 201.7984363446825
176 199.8727641927545
180 197.90948684073146
184 195.78467380563217
188 193.51224568990705
192 190.84889019077366
196 187.83940149070395
200 184.51970680966713
204 181.2339989433806
208 177.80947676882795
212 173.8443911348683
216 169.44955403589108
220 164.9813835632345
224 159.62331003546495
228 155.8828558495559
