60 187.53865357505003
64 190.01855527075026
68 192.43648008481438
72 194.2876661590504
76 196.31011563526874
80 198.2935107782069
84 200.2039134174716
88 201.93730491728303
92 203.3856186589046
96 204.795512790921
100 205.82538586597232
104 206.830923860918
108 207.52532370770723
112 208.26380862635614
116 208.84101684991302
120 209.41030081148807
124 209.7451937302576
140 209.48704468396423
144 208.90918646923913
148 208.38590184216005
152 207.64635026495029
156 206.9962032448485
164 204.94527822584146
168 203.51269449774355
172 201.70463654083204
176 199.7281104398441
180 197.5375795490137
184 195.4517943454783
188 193.13609717988106
192 190.67625261742978
196 187.9284103175384
200 184.63395560475556
204 180.85549056861794
208 177.3080086179546
212 173.74734050290334
216 170.051113935057
224 158.29704538374733
228 154.5350633620851
