60 187.5975397780172
64 189.80562569153773
68 192.12960596185417
72 194.4997833057601
76 196.74785806919274
80 198.7647425823219
84 200.60850788115312
88 202.24959446222647
92 203.68935987053356
96 204.91660651535523
104 207.0850025066443
108 207.92871045152935
112 208.73358370718506
116 209.29550986558792
120 209.7171967783384
128 210.1622211905625
132 210.18959026866526
140 209.48251338926238
144 209.1485010403754
148 208.69329258424887
152 207.8872028979015
156 206.95802545445954
160 205.7341415594638
164 204.49569591069454
168 203.15507925665918
172 201.44555786099838
176 199.73900237885252
180 197.59344026388308
184 195.37727894676362
188 192.88609723706145
192 190.1189172467052
196 187.1250337540141
200 183.80967883519287
204 180.31064562828283
208 176.81719123605825
212 172.72807036908
216 168.77449796218093
220 164.90961611605954
224 159.2586792499502
228 156.69825825885545
