60 186.9147956958834
64 189.2357841227889
68 191.86826092999843
72 194.16804233379224
76 196.3725385698254
80 198.32061343649085
84 200.25777372398645
88 201.9707289329951
92 203.56069126080646
96 204.88780081671234
104 206.8425951947728
108 207.57864304529605
112 208.40621345918964
116 209.0219315019118
120 209.59349346145305
128 210.16672268931097
132 210.2970310342211
136 210.16213465133401
140 209.79765074156552
144 209.1983293985941
148 208.5605219142735
152 207.82940117480038
156 207.1507250534963
160 206.06350079292633
164 204.875008493579
168 203.61146856690286
172 202.1137778288373
176 200.23303592214353
180 198.15431115765526
184 195.99659345288626
188 193.40573256178993
192 190.60260061194586
196 187.66010559220138
200 184.55151508130487
204 181.29302749780157
208 178.02522989819622
212 174.1253065703578
216 170.0844601130068
220 166.0312657351531
224 158.5698466021785
228 155.5854511293643
