60 186.82892394832925
64 188.99967528398255
68 191.46266080060946
72 193.92960451102053
76 196.25833810672032
80 198.18790977695593
84 200.05682369518706
88 201.73418344077004
92 203.24054015789554
96 204.58404702102638
100 205.8338970406544
104 206.90805110561303
108 207.4920770960278
112 208.23900642289777
116 208.86677968406107
120 209.37462762279435
124 209.72901389549068
136 209.65132264656555
140 209.37465934787036
144 208.81092130411122
148 208.25074388531942
152 207.52366888763038
156 206.667578434271
160 205.61100964149398
164 204.31220724798285
168 202.93852627108032
172 201.36408713542357
176 199.65517516435602
180 197.61285279172756
184 195.43245910364416
188 192.95882659970923
192 190.24159809046046
196 187.2142133022279
200 183.78302150129628
204 180.2633050247582
208 176.6802694615844
212 172.71693662058865
216 169.062656709106
220 165.3308491004433
224 156.91743346189477
228 156.4147020905353
