60 186.93219012007546
64 189.00997926595508
68 191.47070530867273
72 194.0121203816858
76 196.28407372396285
80 198.22803742993975
84 200.21949912985625
92 203.4009909102786
96 204.68726980759823
100 205.70071929752612
104 206.67535869747147
108 207.36603155142532
112 208.16669952454288
116 208.7908852587934
120 209.33863161151817
124 209.70630420223694
136 209.82975831120916
140 209.38160952481422
144 208.7557131487354
148 208.15282156863069
152 207.41010432837209
156 206.63230353999646
160 205.66570885440524
164 204.54281686553546
168 203.12903023913026
172 201.4448912884075
176 199.6168238871333
180 197.5448295466171
184 195.3373097128973
188 192.78957225485664
192 190.0167830430153
196 186.8571596942432
200 183.57788803276748
204 180.50424078418436
208 177.19914611959518
212 173.38841664200334
216 169.72185720102416
220 164.7704472176506
224 157.63801030649148
228 155.6970915093318
