60 187.6524919384808
64 190.0173207692324
68 192.53339785852023
72 194.52784385957955
76 196.70086510497376
80 198.8174295714904
84 200.70949716093503
88 202.33604219631036
92 203.90529633575682
96 205.13532456787067
100 206.26214003940785
104 207.2409576726642
108 208.0665039422139
112 208.78136748191503
116 209.61300777973787
124 210.38899294023443
128 210.50681798963424
132 210.40678672093978
136 210.27623408270222
144 209.35290714357785
148 208.6519302505239
152 207.8534005630677
156 207.02875885967484
164 205.01178359724048
168 203.69962030648472
172 201.8642948225342
176 199.94264283062284
180 197.82020996773014
184 195.7087861382288
188 193.30120657948999
192 190.6900692050359
196 187.6834506588649
200 184.53280727239274
204 181.26662021975977
208 177.78594851308105
212 173.80417827923128
216 169.91363836974244
220 165.79755972853974
228 157.2088488754382
