60 189.4346857581618
64 192.3523124049742
68 195.19736041002136
72 197.31316751257782
76 199.26815738510197
80 201.03888284566023
84 202.78906612033083
88 204.35175433683764
92 205.89754494392997
96 207.3789844504887
100 208.67528626987246
104 209.71841338567748
108 210.4156753296797
112 211.06768259882287
116 211.57231750692563
120 211.99043527509173
124 212.14905457247895
128 212.34895425893723
132 212.3345392633246
136 211.94128137303588
140 211.49153763633691
144 211.09246954145846
148 210.5602119258856
152 209.81271878353303
156 208.86797690140057
160 207.7204609566349
164 206.33083669757227
168 204.83201291830727
172 203.31436431483343
176 201.5536260831938
180 199.51048452967387
184 197.23908765316492
188 194.70467219045378
192 192.1996481306728
196 189.35372034617106
200 185.89409658278674
204 181.97027558043973
208 178.21082767864877
212 174.1734728145019
216 170.2087125751984
220 166.53194342664807
224 162.33236161269093
228 159.0656643863817
