60 188.73819678934277
64 191.27227741573904
68 193.64263643429538
72 195.78306905463998
76 197.8777812987053
80 199.9759707522715
84 201.81092212325012
88 203.50257765689196
92 204.79535337786825
100 207.03961587959984
104 207.99798114876742
108 208.8995804431143
112 209.57002159437909
116 210.18123024882289
120 210.44699540708143
124 210.4606538144451
128 210.54192708347625
132 210.48120801844092
136 210.40050596343957
140 210.25817258409793
144 209.79196560334765
148 209.23873420451326
152 208.5445578434856
156 207.51448943338096
160 206.39761917230925
164 205.06653774428676
168 203.6480167113445
172 202.03933605742506
176 200.0114616577791
180 197.77536692418687
184 195.50512113200764
188 193.23920600741937
192 190.76316259949922
196 187.855952948422
200 184.19303845899873
204 180.47586201736354
208 176.9371147367915
212 173.0050499769915
216 168.97751992630168
220 165.0399983760738
224 158.45320961263135
