60 189.08455448654624
64 191.67746286351377
68 193.89215036104912
72 196.0357523617944
76 198.15134951580907
80 200.17489275641867
88 203.71566632795867
92 205.0612274645968
96 206.16311321162186
100 207.34841216567543
104 208.4039751288471
108 209.4129994745805
112 210.16432090286116
116 210.56447288962016
120 210.8973778004971
124 211.21333167264518
128 211.38505946717535
132 211.31670761737703
136 211.05824916702323
140 210.74729168455508
144 210.2109249289222
148 209.6700854427737
152 209.06524413872316
156 208.1157415100333
160 207.08466541512462
164 205.86038377602085
168 204.50133126891916
172 202.78179407329296
176 200.88208737962762
180 198.85813643633045
184 196.4056745056526
188 193.7299863899948
192 190.82019731952215
196 187.7877891485792
200 184.5272998195583
204 181.06784202477857
208 177.85667536402465
212 174.20327708368853
216 170.36195861790947
220 165.8275275746943
224 158.919815908212
228 157.1835428895883
