60 189.4044038172085
64 191.5133076040389
68 193.3695221657739
72 195.4764900683066
76 197.79719707652788
80 200.03156572103913
84 201.91110812507242
88 203.63538773267652
92 204.90857048828298
96 206.107622199653
100 207.18177580757038
104 208.09229954152718
108 208.96621099107168
112 209.75008416240678
116 210.281807504955
120 210.4705296876768
124 210.60229526156255
128 210.80829327787774
132 210.80413052271177
136 210.73048815792828
140 210.46332750767687
148 209.3360539400872
152 208.5958994641082
156 207.81936962193998
160 206.79355857977566
164 205.67221027025354
168 204.20697121569054
172 202.56396623556012
176 200.67407602967216
180 198.6364275131426
184 196.27307879211935
188 193.72009386535245
192 190.88577544199563
196 187.91267464235645
200 184.55417567402637
204 181.38127576167543
208 178.10621771400764
212 174.2689362110629
216 170.2146269787543
220 165.63584104043315
224 159.92158706944485
