60 188.00816098578227
64 191.1559706338946
68 193.75632168466706
72 196.04808964539086
76 198.1798434402363
80 200.29084736982958
84 202.06830038050998
88 203.66489026365818
92 204.80420349669083
96 206.0609276703122
100 207.26844431622516
104 208.1916264666697
108 208.95763658106117
112 209.58116736743915
116 210.1708065801161
120 210.43046801639983
124 210.48145869396433
128 210.55403508391558
132 210.55767556722282
136 210.5289550186975
140 210.41782025622052
148 209.35753206888612
152 208.86277647319994
156 207.8888767640203
160 206.56548262967493
164 205.06584136479196
168 203.6666788573737
172 202.15727221526055
176 200.28945941557959
180 198.25459609005213
184 195.87806170500352
188 193.29345155928007
192 190.55765154438217
196 187.6314178714931
200 184.69371926134974
204 181.07335599354917
208 177.1169518497098
212 173.34388840779602
216 169.14509757556263
220 165.20715026965428
224 158.31098847570794
228 156.650722738374
