60 187.34912947806504
64 190.66003544416833
68 192.9628595575652
72 194.94235694897503
76 197.0146998826961
80 198.9742575171901
84 200.8576549290394
88 202.29520805605821
92 203.69708650626234
96 205.05790919525114
100 206.2112996802924
104 207.34831581937385
108 208.2838647165134
112 209.13934286639014
116 209.7203182622186
124 210.36239103660617
128 210.48719261162657
132 210.41659854674478
140 209.7293971483782
144 209.08237300157927
148 208.57193697364747
152 207.95582890737845
156 207.12508191901344
160 206.1322932148633
164 205.0065376159752
168 203.67457140583736
172 202.12105725198575
176 200.11178729121593
180 197.91538019464798
184 195.58673637385834
188 193.15875884223254
192 190.53836869687984
196 187.41536077886985
200 184.31514668307352
204 180.76564663445262
208 177.34175065937288
212 173.55818047020023
216 169.20066132140215
220 164.68467030845858
224 158.8182551064075
228 155.48232457135282
