60 189.32853586866912
64 191.48575040077185
68 193.41278851525868
72 195.48402985373707
76 197.6882538390613
80 199.86019231062158
84 201.6719601000906
88 203.41229566108697
92 204.77492417089158
100 207.1528490598968
104 208.1011467838569
108 208.9980109480138
112 209.70100951671373
116 210.22880563941482
120 210.46160842971815
124 210.44889397709872
128 210.5299247972539
132 210.56657463826448
136 210.50506739453408
140 210.37581729580964
148 209.25381496419874
152 208.59485755286522
156 207.68410628463982
160 206.5541513465494
164 205.21177030253864
168 203.8226457194168
172 202.18713621900343
176 200.31474950374874
180 198.2495992262746
184 195.9084124557366
188 193.53312856630657
192 190.81500084988355
196 187.69351165461302
200 184.33115369665921
204 180.79793697532924
208 177.3172797695434
212 173.72190816446403
216 168.799405134859
220 164.36535636693824
224 159.33372199640496
228 157.32166543949026
