60 189.69482840333512
64 192.17433461509148
68 194.46693091669582
72 196.63667387047485
76 198.62615978356172
80 200.5837808254644
84 202.4682684039406
88 203.99842615582165
92 205.2339463385629
96 206.58732973677635
100 207.86758368973867
104 209.10738685074963
112 210.74462979067926
116 211.0316371624529
120 211.30920480231663
124 211.59565907541992
128 211.75685904662743
132 211.6570953442568
136 211.39382472780886
140 210.97487590030858
144 210.47607920474144
152 209.202079786402
156 208.3766779141641
160 207.21916493804554
168 204.4334026438782
172 202.86962381645077
176 200.78617445264064
180 198.4283088293627
184 196.04583839263046
188 193.56640939985903
192 190.70909286833148
196 187.603930793162
200 184.2941796195998
204 180.96664683240033
208 177.61857267676277
212 173.7556295256599
216 169.17910873159454
220 165.05052199709692
224 159.5769012304776
