60 188.4584002039604
64 191.03572957927065
68 193.32176088862215
72 195.45901426936578
76 197.74873656261562
80 199.85260913707043
84 201.57598531735405
88 203.28848211947587
92 204.67602006195108
100 207.25608244409162
104 208.19314452134623
108 208.96262955954865
112 209.70712189287963
116 210.2308665827838
120 210.4848389488823
124 210.49401454710608
128 210.57386161071224
132 210.5382506206345
136 210.43473199989356
140 210.34581117585094
144 209.85017433115001
148 209.2434745143925
152 208.47687528322632
156 207.54401028987337
160 206.53800631688665
164 205.27941798260997
168 203.95443984469597
172 202.36530380536766
176 200.46704753073476
180 198.28229342136848
184 195.83725243464772
188 193.3476424647277
192 190.4988110189166
196 187.3029927289152
200 183.9651953040935
204 180.8023210025637
208 177.3728737142058
212 173.48629172481373
216 169.9506756340757
220 165.16455399616157
224 159.24027310067117
228 156.3936064477636
