60 189.78256968071457
64 192.51205423920615
68 194.85090547164833
72 196.82628324368676
76 198.7746521434105
80 200.80351296393388
84 202.77589984939067
88 204.4444099995506
96 207.21787302188352
100 208.30453583410426
104 209.52725439121065
108 210.35682702814378
112 210.92818976689608
116 211.2991549053934
120 211.55205640348578
124 211.77553646926376
128 211.77691874998652
132 211.7686486248867
136 211.47817145683797
140 211.16449033968627
144 210.6462725980275
152 209.29034540473805
156 208.47643826808238
160 207.5559027555713
164 206.35576898092947
168 205.0850114180159
172 203.28999831159658
176 201.16639987915727
180 198.87572448656852
184 196.42238064069403
188 193.85031173848228
192 191.19967457502284
196 188.30041612172056
200 184.99766487332545
204 181.13116715054008
208 177.14397781978704
212 173.33314535590733
216 169.69020756232067
220 165.49576117888722
224 159.64760845456829
