60 189.58369041102327
64 192.38089612960442
68 194.9065344336059
72 197.00995914527704
76 198.86072872676638
80 200.9099642615636
84 202.65339649558229
88 204.3064128418559
92 205.8436524632799
96 207.22303961765022
100 208.25474865966137
104 209.36250524480602
112 210.56075646489478
116 211.10913306482442
120 211.465106307815
124 211.7550980895855
128 211.86470029202152
132 211.74615283807623
136 211.51977529598318
140 211.13892424560274
144 210.66761430169205
148 210.21550491151805
152 209.46363971312832
156 208.52746631127033
160 207.53554710646796
164 206.2833941461683
168 204.80046105231776
172 202.9875391124337
176 200.7953525641414
180 198.56939808700915
184 196.24334551707466
188 193.95468042209214
192 191.21298689490294
196 188.1160248451393
200 184.91673119805222
204 181.52709923538612
208 177.79889264516896
212 173.62359647047282
216 169.7105994586305
220 165.2371040963717
224 158.14371529725733
