60 190.2506962151033
64 193.15730461723956
68 195.68997587517225
72 198.13815701058726
76 199.86154570903574
80 201.72730149873092
84 203.5275164053424
88 205.13878160650714
92 206.52910696102606
96 207.8470754499679
100 208.97613898571785
108 210.82566235379977
112 211.53532523577277
116 212.11822411493932
120 212.59341505418138
124 212.78292420832207
128 212.74137973225436
132 212.58755652356007
136 212.29259255731046
140 211.7377034997952
144 211.23221480072496
148 210.62086058831045
156 208.92563581348335
160 207.7913104400358
164 206.53079747350085
168 204.99963601304927
172 203.30080216385355
176 201.38261486632706
180 199.39374554629626
184 197.13549423831662
188 194.43969971179365
192 191.34743837311743
196 188.03063308219507
200 184.76628661223793
204 181.3458975669053
208 177.62641123795157
212 173.4174846213473
216 169.52829149227495
220 165.59475685700875
224 159.39535728034076
