60 189.44815369650183
64 192.44357168085483
68 194.749009455349
72 196.93180642712346
76 198.99510617612992
80 200.96297043912227
84 202.84657202419905
88 204.69572830958137
92 206.1702113088206
96 207.39513528573
100 208.41278101758041
104 209.44253011694545
108 210.26391773528053
112 210.89920635220327
116 211.3333233950533
120 211.5677793921829
124 211.73456766372396
128 211.78073279386246
132 211.7950226819708
136 211.65332516588006
140 211.24374849967194
144 210.6544832438604
148 210.20642635527165
152 209.68272943512278
156 208.75224760238777
160 207.60127094684577
164 206.39228705596128
168 204.89917729974698
172 203.0416262256341
176 201.08287344198396
180 198.9134980446556
184 196.42442887747063
188 193.74590548667436
192 191.05828590477188
196 187.91890169876206
200 184.63399641017014
204 181.1709504835489
208 177.63829042347402
212 173.82256192245575
216 169.4270988995071
220 164.81833265989482
224 159.99514963874674
