60 189.46515496840567
64 192.37538285365753
68 195.15673141616057
72 197.37931082968896
76 199.1776151444614
80 200.99798446167756
84 202.8895555143657
88 204.6125965868016
92 206.0928036713488
96 207.40045451958568
100 208.69813272332277
104 209.6777447080313
108 210.26650401545828
112 210.97223982401854
116 211.41433996835778
120 211.65530903249206
124 211.88049902546953
128 212.02476273471615
132 212.06371894370028
136 211.86887317587204
140 211.45879316766218
144 210.88812126638445
148 210.28785864530576
152 209.5309297750173
156 208.69525174830835
160 207.67639997880465
164 206.29701001288174
168 204.70751795760788
172 202.99014772314746
176 201.1187626866445
180 199.10540095723394
184 196.81073639687892
188 194.4230391856498
192 191.63770990235798
196 188.55217503851415
200 185.0576910880228
204 181.826457133335
208 178.21352001491618
212 174.1335312594217
216 169.92810097535747
220 165.7575721774988
224 161.30355568119688
