60 188.09898542721584
64 191.39936035906155
68 194.22912571294358
72 196.6631065588569
76 198.4939882252853
80 200.51282604732677
84 202.18688617789007
88 203.72638507429184
92 204.9940602688404
96 206.2509707026964
100 207.32321091795632
104 208.2691995201273
108 209.26587350127377
116 210.4778364252488
120 210.8259996885448
124 211.12825310411984
128 211.2449849444115
132 211.03839088072698
136 210.79378056414515
140 210.44705075137978
148 209.45912399441121
152 208.78797026958824
156 208.02154061793968
160 206.89496651771947
164 205.60483650665276
168 204.1357966506571
172 202.54733232219562
176 200.5864069869249
180 198.5490032985715
184 196.10089886832753
188 193.72020045170893
192 191.0256234569681
196 188.12472384190835
200 184.90198470562285
204 180.9804859459936
208 177.23818451421124
212 173.47744598859265
216 169.41740230910332
220 164.96226977070393
224 159.02819180670326
