60 189.777715202362
64 192.88552151322477
68 195.52454785963153
72 197.74930243863344
76 199.70519393989707
80 201.64490050403845
84 203.48406682843637
88 205.1391505400695
92 206.40766778131865
96 207.51552265708557
100 208.74374183013765
104 209.76067437657483
108 210.45999327384686
112 211.1056289547966
116 211.50758680784276
120 211.90913348144733
124 212.07334303988654
128 212.1801453514823
132 212.20902165014357
136 211.86045985462806
140 211.45613091558715
144 210.92128838826432
148 210.31275419524252
152 209.6911701195788
156 208.7476024856692
160 207.71478166791545
164 206.41206879506075
168 204.7827243537854
172 202.99963249825097
176 201.11540002248026
180 199.18920887390044
184 196.9044165227288
188 194.37867000778664
192 191.51029789076665
196 188.61016447388295
200 185.26027271439344
204 181.7406388523271
208 178.14673436174365
212 173.97912871643055
216 169.09379237383513
220 164.8077007540948
224 158.8088473625613
