60 190.34139516246472
64 193.43158208899862
68 195.9406299568834
72 198.13445074966106
76 199.90732828355453
80 202.0211685184288
84 203.83597186817917
88 205.3125391373723
92 206.54552489290927
96 207.82937057660342
100 208.97317939390652
104 210.21673568725967
108 211.0405584676096
112 211.57478004541036
116 212.04088304290514
120 212.49889591909226
124 212.7327759801591
128 212.80908776608473
132 212.76355565590714
136 212.53051269053242
140 212.24397635315648
144 211.57565086764242
148 210.8539775223006
156 209.03438615389717
160 207.97781847996447
164 206.77276257285925
168 205.24750742485534
172 203.59775376313553
176 201.55022064984013
180 199.38047727330715
184 196.9267205065055
188 194.24912238448263
192 191.41012803080946
196 188.4052107772582
200 185.0854384001729
204 181.55407898036515
208 177.86349068159777
212 174.1710307403606
216 170.35001480701084
220 166.30756277277425
224 158.8038029669529
