60 190.05439995343283
64 192.90981941251226
68 195.45558979799566
72 197.55770973732095
76 199.4220606685115
80 201.36377593368852
84 203.14656366929626
88 204.74169418905413
92 206.10077645188983
96 207.44302550578266
100 208.658127683631
104 209.77047111741265
108 210.582633024362
112 211.1296631821458
116 211.60458293764782
120 212.04103246267857
124 212.24802509461483
128 212.34307059025483
132 212.3152082346759
136 211.97906243843062
140 211.53460768277364
144 211.07229244353664
148 210.35391448219298
152 209.5405972431913
156 208.6661072077692
160 207.6582017513051
164 206.5509752177638
168 205.02538166624896
172 203.15862492472672
176 201.12309793705126
180 199.0704529154667
184 196.7154751740373
188 193.91478197118408
192 190.9387237241209
196 187.91488102792917
200 184.90831980615485
204 181.74723790610142
208 177.95882262728864
212 173.83311215918218
216 169.82588923332452
220 165.50638765274397
224 158.01505358627492
