64 191.09450187944697
68 193.49359545411363
72 195.49768528034863
76 197.77338797414134
80 199.89185433937718
84 201.83407385827746
88 203.52971651516407
92 204.94676014241583
96 206.10465572732863
100 207.3054012898833
104 208.32331679887372
108 209.15908262060623
116 210.38308053022178
120 210.63961806373396
124 210.79328993947848
128 210.94793915825898
132 210.98387306223765
136 210.9021830063
140 210.6622116043515
144 210.42827965149354
152 209.29022898922045
156 208.2942908280829
160 207.17173358986634
164 205.87470251967744
168 204.4791988404743
172 202.65243564217673
176 200.79941427041624
180 198.8055973856275
184 196.49590930528922
188 194.0034906893551
192 191.04488172950954
196 187.91432871924346
200 184.73699589969488
204 181.35561176916266
208 177.75358485019495
212 174.09913297834055
216 170.04278391287033
220 165.13657984296617
224 158.36438094061975
228 155.67401404755554
