60 191.04599876492324
64 191.90130891735976
68 193.63222151166758
72 195.6399151457252
76 197.31575644489357
80 199.1772499875057
84 201.11302240292903
88 202.81659982844428
92 204.33640118394752
96 205.62634601691016
100 206.68858694170487
104 207.777046337489
108 208.7745939441833
112 209.47453341048595
120 210.46133004031793
124 210.65725548598164
128 210.76330881777088
132 210.60164629874157
136 210.37157443153922
144 209.6148409219434
148 209.07163945002426
152 208.27874197137822
156 207.3672942663053
160 206.2054533158056
164 204.91762210054145
168 203.410821635603
172 201.81322896682266
176 199.98154846456623
180 197.66425444184205
184 195.16566395011648
188 192.62034757238447
192 189.96742537253908
196 186.9711590491887
200 183.74822184180596
204 180.43230406596342
208 176.63711995068462
212 172.111789523592
216 167.52888827915223
220 163.61182135721714
224 158.16313583492376
228 155.9290272761427
