64 192.28108279724222
68 194.30080833412762
72 196.52906623928067
76 198.381717866801
80 200.22787446406855
84 202.06569574453192
88 203.7661051556724
92 205.32962334644395
96 206.49703906770668
100 207.5140270448863
104 208.44987246946056
108 209.16584987830416
112 209.76466416185687
116 210.31436996555846
120 210.71771354380132
124 210.79710062163832
128 210.82889963854063
132 210.82130162358825
136 210.65617020957473
140 210.34184832325343
144 209.7569137585955
148 209.0915156280726
152 208.4311375364474
156 207.53569957184914
160 206.4445695242714
164 205.1156375496245
168 203.6151600675892
172 201.76570974499833
176 199.86000661115915
180 197.75091438628175
184 195.4358207810041
188 192.85039835117865
192 189.8620784542694
196 186.8787374773043
200 183.66230624815063
204 180.12709107147208
208 176.21873007733825
212 172.17554821571272
216 167.31762591662664
220 162.89627492269173
224 158.7387249644051
