64 190.91699751146473
68 193.4716036031753
72 195.86054805871953
76 198.02582636174677
80 200.03368588398575
84 201.86244865520717
88 203.44812271772162
92 204.76935020315378
96 206.1681200793925
100 207.37729753110116
104 208.4965151772673
108 209.21498089084386
112 209.79888109790002
116 210.34952282129848
120 210.68098304195883
124 210.74383966426353
128 210.91412517766418
132 210.88292475286653
136 210.7581811865449
140 210.60268159908588
148 209.3308738027249
152 208.6032626830571
156 207.67532201393155
160 206.58735764842703
164 205.21423006116768
168 203.72592914035408
172 201.90260615306335
176 200.019137668281
180 197.88220951761008
184 195.45934255319406
188 192.81476389451205
192 189.87777398162882
196 186.81949263275635
200 183.77011460433363
204 180.3413054848723
208 176.63073052045408
212 172.4130015981679
216 167.42302517196478
220 162.75447684094306
224 158.90551242369133
