60 188.53785685377653
64 191.43574991294076
68 194.6676531629944
72 197.2100963899258
76 199.02291622271753
80 201.01496526050835
84 202.94086699571065
88 204.76648809834296
92 206.2034411748456
96 207.46738693643917
100 208.54211739956352
104 209.50966948724968
108 210.3871906535624
112 211.04262352536853
116 211.43416443070606
120 211.99497040176277
124 212.46034279465965
128 212.7776378803169
132 212.55435669385992
136 212.3791081903748
140 211.94745591366805
144 211.4186941691763
148 210.84686494816913
156 209.1443020931086
160 208.09172126223189
164 206.88351308288716
168 205.3719779635326
172 203.86250118309783
176 202.06442986486567
180 200.00751394432302
184 197.68192003797554
188 195.16827343323666
192 192.5983858380713
196 189.66935239115185
200 186.65441120668754
204 183.34610975249115
208 179.85494994156352
212 175.8001230474634
216 171.73827542754947
220 166.53906394125676
