60 189.69584978213342
64 192.24074607778982
68 194.74964003331084
72 197.11355410446578
76 199.01347675995672
80 200.997207736861
84 202.753251033155
88 204.5159787164901
92 206.09565419524762
96 207.31841694435172
100 208.3814763666461
104 209.4778918000407
108 210.2534553284138
112 210.84135542992345
116 211.2728117297908
120 211.60293541412682
124 211.78119187936863
128 211.86958905377426
132 211.80945027920654
136 211.5245694029873
140 211.06288387446534
144 210.4956242986521
152 209.14256233056184
156 208.24107927655962
160 207.24940089700507
168 204.54002559819475
172 202.92670358352547
176 200.94364929559976
180 198.82433541931584
184 196.40838709327272
188 193.90225346224815
192 191.04295762829287
196 187.8060854531746
200 184.3416642717751
204 181.01938184668347
208 177.5187815090124
212 173.64042316319063
216 169.58899320871734
220 164.6683780152757
224 158.58988158973975
