64 190.98554462198072
68 193.05923492057417
72 195.63512050892564
76 197.8581893017701
80 199.92923971148312
84 201.72582260292205
88 203.27236248521467
92 204.67924939150964
96 206.0369293424942
100 207.23071469008696
104 208.14722284475212
108 208.79583276303504
112 209.45511609594107
116 210.15823240389966
120 210.63480450225072
124 210.65031612195136
128 210.89657727673728
132 210.861788361288
136 210.60709580124245
140 210.35401568620318
144 209.8837058258202
148 209.25030361112584
152 208.5066676645205
156 207.54677979050064
160 206.42214469654323
164 205.1052349448671
168 203.66740571831556
172 201.8867616608196
176 199.85218235474795
180 197.81776293399096
184 195.54847928754987
188 192.95389126905303
192 190.12102423839718
196 187.02031603706976
200 183.4212666552809
204 179.69555017042123
208 176.05714513629175
212 172.03919645766229
216 167.40237811884793
220 162.84847238140952
224 158.25755355859715
