60 189.92301878395034
64 192.5559397717934
68 195.48434516279343
72 197.8263297912151
76 199.86073089280558
80 201.8345508873412
84 203.56896982779344
88 205.0685379821614
92 206.22389076737034
96 207.38847714684874
100 208.64092101599954
104 209.6983188134056
108 210.51804644258576
112 211.0880882492205
116 211.60207861887258
120 212.13692869415175
124 212.37654046678634
128 212.6262693385483
132 212.6484726629905
136 212.56582043086783
140 212.1605733438432
144 211.53326407944118
148 210.6446238685231
152 209.63471953800757
156 208.61659437885356
160 207.63579652427336
164 206.41940518904514
168 205.0243831212011
172 203.50867636833362
176 201.6794166485764
180 199.56051732327984
184 197.06328112245018
188 194.39789294049535
192 191.57972945202792
196 188.79846869082195
200 185.63481459410912
204 182.2774838557336
208 178.42860352008375
212 174.06178509443592
216 170.15981845747586
220 166.58944449889657
