60 190.3376433930072
64 193.1815649247708
68 195.57118525258747
72 197.7190549824977
76 199.6844965967603
80 201.67777259126146
84 203.49360904743992
88 205.03006931829907
92 206.32299109084525
96 207.58277160775123
100 208.83756818756592
108 210.7682186937701
112 211.2940730459456
116 211.81133971768
120 212.16128977075005
124 212.4479020911051
128 212.53581645320867
132 212.45548620035854
136 212.22245546637595
140 211.66571164088808
144 211.2498353265637
148 210.64086449255157
152 209.8462973503844
156 209.046898090891
160 208.04601742319744
164 206.66895323884816
168 205.16327814043495
172 203.6012935483751
176 201.8305610577387
180 199.73971785220772
184 197.3562553582894
188 194.6518351954694
192 191.87395621880955
196 188.92443621026007
200 185.69170438957897
204 182.49999582058726
208 179.01351486911295
212 174.7825033079782
216 170.69801222924656
220 165.4177096654693
224 161.51967350144776
