60 189.7413115727806
64 192.60587179611633
68 195.38287354966263
72 197.6952435723262
76 199.47871599156284
80 201.1784929657772
84 202.8781707395743
88 204.57023361984838
92 205.7558139590213
96 206.93903789333189
100 207.9844707048557
104 209.0729337000705
112 210.62184878068967
116 211.0917638547926
120 211.49791579130437
124 211.911323693429
128 211.9366008555893
132 211.81009198469667
136 211.46812383598746
140 211.1546108252465
144 210.44606239691055
148 209.66286798580919
152 208.87447363038123
156 207.87350898022666
160 206.8025069608135
164 205.57366511724462
168 204.11172497959546
172 202.49458067694766
176 200.32300822358116
180 198.01852034965026
184 195.6300307639951
188 193.0203624840149
192 190.32795924746546
196 187.33362088654093
200 183.99061549309582
204 180.47106450187707
208 176.86074732616726
212 172.76282402498492
216 168.8330619788805
220 164.05685667846257
224 158.26302680440745
