60 189.475466834785
64 192.01719589052013
68 194.63963221848385
72 196.8927829255436
76 198.91275981320257
80 200.8497174676628
84 202.53735971058887
88 204.2330220263747
92 205.67449258853142
96 206.8389269744806
100 207.6787369845077
104 208.62682975541935
108 209.49320284044848
112 210.29549183713468
116 210.7994352581369
120 211.30761346851364
124 211.68734061910752
128 211.5590844213638
132 211.41706901827814
136 211.10965773475553
140 210.65713867115457
144 210.10840696292243
148 209.3011614123522
152 208.50388138504889
156 207.7032748187408
160 206.63964338114084
164 205.35162712739333
168 203.9461871550123
172 202.2459326787101
176 200.06450795898542
180 197.79610274555023
184 195.6401449321164
188 193.12582355840766
192 190.34601439663493
196 187.45757569805383
200 184.41680953592385
204 181.01637385821743
208 176.89102093945166
212 172.75798083731218
216 168.50961338072102
220 164.3289646862629
224 159.0266088702672
