64 192.21214564721734
68 194.36101456764644
72 196.9968941912193
76 198.84958904394284
80 200.8250346385658
84 202.5526358476769
88 204.159630014695
92 205.5327529786577
96 206.91575874532657
100 208.09205429558702
104 209.36097781854352
108 210.37010374707813
112 211.18394851577995
116 211.62953780914384
120 211.83653125542935
124 211.9003136542587
128 212.0728353280723
132 212.1987308762483
136 212.03297950371586
140 211.77473348324577
144 211.2858191524103
148 210.64044132124073
152 209.79343838333875
156 208.88644500915234
160 207.93861988833217
164 206.79001987647996
168 205.30709303072155
172 203.63546260088043
176 201.69763718717246
180 199.62591465277342
184 197.45551581384865
188 194.95216694788076
192 192.13367696932096
196 189.15961223879995
200 186.1164826535978
204 182.88796241445806
208 179.4796311384802
212 175.19448223680448
216 170.65964272263727
220 166.63709425664712
224 162.36423509975336
