60 190.87212449297277
64 193.1396219853242
68 195.63623155592916
72 197.86024823238648
76 199.67733062916034
80 201.46333528374285
84 203.29191025996064
88 205.0378999195701
92 206.30909158131382
96 207.5729115217825
100 208.84995269639654
104 209.69707117571951
108 210.44607626470247
112 211.07876638657797
116 211.50980730334143
120 212.09246853069322
124 212.5047947596933
128 212.614472880941
132 212.53953026980133
136 212.30185152969085
140 211.85991470694086
144 211.34391035794
148 210.66683834824948
152 209.87624773397062
156 208.95567110655668
160 207.91349224926944
164 206.53949522202066
168 205.1581577797343
172 203.5008287352282
176 201.45038753292195
180 199.32481603596344
184 196.96532733504858
188 194.43923963903043
192 191.6601632883111
196 188.88239427617904
200 185.7635585136889
204 182.18343538009947
208 178.5811827851477
212 174.6147558283302
216 169.76337477491188
220 166.09928890092647
224 161.45982099462054
