60 191.1852503237136
64 193.4889685514059
68 195.79623120200725
72 197.98412123080442
76 200.1207679422834
80 202.10220266958154
84 203.75541363876977
88 205.1737804935229
92 206.4003029088482
96 207.60016050328753
100 208.84170991133374
108 210.8059739913661
112 211.35126426862286
116 211.92301671366292
120 212.4021308859168
124 212.6309050771388
128 212.63034592523883
132 212.58831121711074
136 212.23538274708034
140 211.6728550999128
144 211.04394953274888
148 210.37508105636647
152 209.59702372468837
156 208.80183410126222
160 207.82324994617136
164 206.66900776279002
168 205.1508524019732
172 203.447670323299
176 201.31525956229447
180 199.1272970361059
184 196.67154969360115
188 194.09913452597624
192 191.18474010703633
196 188.2428881928353
200 184.90700573576868
204 181.36014704663393
208 177.71661779262166
212 173.95965966488774
216 169.71694549481492
220 164.50524864432674
224 160.36498685261904
