60 189.69168398257312
64 192.27370735949822
68 195.36311482399088
72 197.76759719431527
76 199.61599248615727
80 201.4753764981909
84 203.23695797660662
88 204.8630072603644
92 206.18344237110563
96 207.32809254397802
100 208.52703370608162
104 209.6242217650631
108 210.4679168482812
112 211.1782604271407
116 211.63833577662302
120 212.06826812028697
124 212.33372265850792
128 212.4794298823419
132 212.49330354318698
136 212.341085522121
140 211.8425749429329
144 211.2645739434572
148 210.49921460612526
152 209.6614005722053
156 208.74787865235163
160 207.79133013809107
164 206.57836398458022
168 205.0752369877646
172 203.47539500870056
176 201.56232569629051
180 199.48630760841223
184 197.06368256920473
188 194.3914266025554
192 191.6099521282594
196 188.68276174036154
200 185.52081216448806
204 182.09631967609687
208 178.54209608491968
212 174.7033012963335
