64 192.3424848422859
68 195.39357441134416
72 197.89750455737652
76 199.76051833077562
80 201.5982333181426
84 203.40952454194144
88 205.02217188972065
92 206.37995688514528
96 207.7315571661778
100 208.88031636697332
108 210.84682329932977
112 211.33079558890879
116 211.9150886680709
120 212.31394722310546
124 212.56710905737737
128 212.73927453217658
132 212.6682605556224
136 212.579032856338
140 212.30942038747736
144 211.58724551960665
148 211.09498081378928
152 210.28594579258754
156 209.31134981343033
160 208.3554093307771
164 207.1261458517535
168 205.61572940472564
172 203.93008857424303
176 202.2262190778036
180 200.20604711893915
184 197.9465618020272
188 195.46852323090985
192 192.91224846394098
196 189.82521223288109
200 186.43079025338443
204 182.75345954001986
208 179.2692696264765
212 175.60668001712747
216 172.0412980376039
220 166.91689052335346
