56 188.79713961117824
60 190.83359288192366
64 193.45485583616477
68 195.6128923147051
72 197.85382048073694
76 199.7050278176032
80 201.63292314268438
84 203.3631283704339
88 204.88501814574056
92 206.0927699728245
96 207.2380684243044
100 208.18027124642487
104 209.0754358065201
108 209.8714410365003
112 210.5754448139959
116 210.99421207199987
120 211.37502681853357
124 211.55665161125035
128 211.52646088552282
132 211.32058576122802
136 211.02171345576292
140 210.56553507883262
148 209.1621704555365
152 208.2327741224935
156 207.28798141474184
160 206.14220533963274
164 204.90650376151592
168 203.52225322075842
172 201.64636053579278
176 199.50151720841052
180 196.91857930757
184 194.34421928458772
188 191.70449022267593
192 189.0144316349972
196 185.9129451206869
200 182.4219888673204
204 178.9707226819321
208 174.90424742035242
212 171.0953622311893
216 168.21926223368172
220 158.6459316551854
