60 189.87280695649628
64 192.6581384665705
68 195.11825234668243
72 196.9786970341358
76 198.8063310562369
80 200.71687439847616
84 202.6096779220874
88 204.0917896657811
92 205.40037696827363
96 206.43097317605137
100 207.51252712334832
104 208.37724828210386
108 209.21520934786062
112 209.74447990294163
116 210.2621762547117
120 210.4730409843013
124 210.4862630867006
128 210.5480184237773
132 210.47221540348855
136 210.3205475046432
144 209.35963440827743
148 208.63995282001108
152 207.85704169138387
156 207.04259846802415
160 205.83545800750912
164 204.3051966164424
168 202.52576025721248
172 200.70180846729838
176 198.849007523682
180 196.63935301822002
184 194.35787263605405
188 191.70147138274982
192 188.7794772403066
196 185.41735950962897
200 182.10255206314673
204 178.6089896599605
208 174.5825489836178
212 170.65146178957832
216 167.26919595855804
220 159.64969411901163
