56 189.3115649856889
60 191.54449072445794
64 193.99027511678256
68 196.4497013388934
72 198.63509386431414
76 200.60582000453914
80 202.41932749408446
84 204.1683319631482
88 205.59242871111638
92 206.78439777481267
96 207.62128518312468
100 208.54285255412333
104 209.48910850042623
108 210.2766371184886
112 210.80820890818467
116 211.29764870376493
120 211.5507690196037
124 211.77475726151891
128 211.6241558024001
132 211.26233277164727
136 210.73249814698065
140 210.2879917715066
144 209.61317634634102
148 208.86456281574254
152 208.09023389725309
156 207.11742758203795
160 205.83937392867017
164 204.3389475817358
168 202.60220268500282
172 200.77788408719044
176 198.79360000758606
180 196.46580439458913
184 193.96467257346617
188 191.06586841433966
192 188.12226223041523
196 184.84002633433357
200 181.39133081203892
204 177.773068168348
208 174.09514023761258
212 170.14372252235742
220 157.82631937341202
