60 188.99967859279323
64 191.96153619102068
68 194.6025094679727
72 196.66872123015543
76 198.51596049416682
80 200.3679897145184
84 202.07002478428947
88 203.72402838748084
92 205.20999609393814
96 206.38244518988347
100 207.34192662019225
104 208.2808563911244
108 209.1075673966553
112 209.77701409120914
116 210.34498843866228
120 210.64895026151572
124 210.61577289732583
128 210.56213144805565
132 210.59502693116303
136 210.45646984177446
144 209.56532266398187
148 208.83818626227765
152 208.0072259732039
156 207.02339672620917
160 205.87928447628136
164 204.63183417812976
168 203.17274170190353
172 201.31276043235894
176 199.26319492380279
180 196.9877571258422
184 194.68924684918284
188 192.21211985110048
192 189.4623484675925
196 186.2557674139689
200 182.92519576096572
204 179.6693131100809
208 176.16467428621786
212 171.91603730942273
220 160.9677198166943
224 157.02926216449396
