56 187.6980513937427
60 189.7434973177555
64 192.47612785491967
68 194.91892374290552
72 197.11345896758942
76 199.00642055833993
80 200.83349827936368
84 202.74030014179084
88 204.3608282433806
92 205.60797116863228
96 206.60848598776371
100 207.45018914342384
104 208.33493402910062
108 209.02533244963942
112 209.701708757649
116 210.23306444587848
120 210.42734651643303
124 210.5311789588474
128 210.57871480229
132 210.42442401995305
140 209.56873250205206
144 209.03403810872973
148 208.27713296368023
152 207.4235102206973
156 206.34406258575453
160 205.21492602037625
164 203.97692256553665
168 202.2717498405149
172 200.22848555565227
176 198.05213684014103
180 195.76120872577522
184 193.29069637653132
188 190.66902799608465
192 187.85948004324626
196 184.74987606726995
200 181.32431241272332
204 177.71220874753777
208 173.75151627005025
212 169.8246948250692
216 165.5110988899941
220 158.49092432120005
