56 188.6174699368961
60 190.67159385513906
64 193.51723676986435
68 195.9157161605229
72 197.91645695907408
76 199.58366902409557
80 201.4167477284053
84 203.18559601057274
88 204.7977019684471
92 206.09091284824115
96 207.1283232642151
100 208.09893641200074
104 209.00574866286271
108 209.60278682211896
112 210.19519558985317
116 210.587060324285
120 210.7865260287347
124 210.7624178849248
128 210.63536162876417
132 210.54958093170467
136 210.4478178461028
140 210.1794626862528
144 209.53377715046588
148 208.75732583882473
152 208.05644678785205
156 207.08466879118797
160 205.7840746461661
164 204.3629904771366
168 202.94404087866906
172 201.10370227985894
176 199.130965022857
180 196.7529172194942
184 194.23512432691936
188 191.50017805989125
192 188.52783466128886
196 185.1924156771469
200 181.8540222556914
204 178.27500170754894
208 174.34795168444708
212 170.0896951419752
216 166.13979231682865
220 160.06766350403876
