56 188.5439494193533
60 190.36389416031358
64 192.5753938790731
68 194.6676454085919
72 196.59635051728878
76 198.57151269112865
80 200.41657158475158
84 202.0886164392987
88 203.48459137073198
92 204.76867135700115
100 206.8929801013417
104 207.66719171668964
108 208.41205909603653
112 209.05922606219318
116 209.56077211483267
128 210.21369129483173
136 209.73747934930728
140 209.33525102298805
144 208.68780617388404
148 208.01909479851832
152 207.28579757530187
156 206.28464846338437
160 205.07689108635444
164 203.77508330656556
168 202.20406515974148
172 200.3037767071081
176 198.091128309212
180 195.81849964364804
184 193.45140981007378
188 190.80493548573318
192 187.83327993194246
196 184.79810402347312
200 181.57276801669497
204 178.19144987692732
208 174.31883332326373
212 170.49039968983433
216 167.35189791433808
