56 188.49836922192324
60 190.49237860383545
64 193.04293852760154
68 195.37512835190478
72 197.48636611100204
76 199.30537368175587
80 201.17159454637243
84 202.92555914350612
88 204.41410435821234
92 205.75587318170975
96 207.01852043677803
100 207.9616764662686
104 208.85743355778243
108 209.55147306565402
112 210.256958019315
116 210.69867792139223
120 211.14382751017024
124 211.39247739994732
128 211.30566864528527
132 211.03240981289764
136 210.68314258555984
140 210.27822362063085
144 209.74392738266113
148 209.14853589159532
152 208.2693050841208
156 207.294141675103
160 206.16878217027346
164 204.71785950718407
168 203.06151013375992
172 201.19904188917718
176 199.33383266189276
180 196.95691930996722
184 194.4491034815621
188 191.7247206824253
192 188.9533885346801
196 185.68956320132096
200 182.21578413764723
204 178.6338588590252
208 174.60626794087824
212 170.4777269387536
216 166.89298728371836
220 160.68328246639356
