60 189.79686178805372
64 192.63904690350887
68 195.11363462098848
72 197.15322490142114
76 198.95889579984018
80 200.83013419651422
84 202.56994783768937
88 204.26978165380945
92 205.58453200132763
96 206.69857531172153
100 207.63934975012475
104 208.45589153998938
108 209.23475930520036
112 209.86337228225068
116 210.35896049002196
120 210.49354163146305
124 210.44625922563657
128 210.53937614180322
132 210.57926171788898
136 210.37482440771512
144 209.46887482228775
148 208.70825360456018
152 207.9268762664324
156 206.94609961529517
160 205.74035320841742
164 204.39804256405105
168 202.9237290188633
172 201.13657712581187
176 199.30524192327022
180 197.00745651579268
184 194.57296340532912
188 191.98538945191007
192 189.26831056402523
196 186.08719016013262
200 182.46018260274712
204 178.98022778766563
208 174.9784648269388
212 171.07591148403992
216 165.8684214173104
220 160.72706229321454
