60 191.51464308318606
64 193.8229519839633
68 196.37544153711173
72 198.3549700679862
76 200.24011428833734
80 202.03577665007444
84 203.78644047899968
88 205.1979955368804
92 206.5305784260813
96 207.78091751488142
100 208.81344099296751
104 209.84539464060742
108 210.63113495221276
112 211.15646142783118
116 211.63078345177829
120 211.92730262145506
124 212.04808627789004
128 212.0538413333233
132 211.9655448656939
136 211.6868787355965
140 211.3422758180317
144 210.80892603244686
152 209.0600308594701
156 208.1834666557197
160 207.04649920461375
164 205.6408107398991
168 203.94872522947477
172 202.28246643927403
176 200.4277280344164
180 198.40425313816587
184 195.95035634467484
188 193.3190327068882
192 190.2107672539698
196 187.03789188021892
200 183.63788928718947
204 180.15639219168946
208 176.36342614427957
212 172.39561743590298
216 168.4660428993812
220 162.45936457199434
