60 190.14670487070882
64 193.73912278597356
68 196.42397690090672
72 198.49270133089553
76 200.53318046488596
80 202.37197695819097
84 204.12352054165996
88 205.49493607391764
92 206.7661941210419
96 207.94742912764372
100 209.09406493216835
108 210.83167633355254
112 211.30074082325177
116 211.64774535447884
120 211.869789607889
124 211.90935271924192
128 211.97767871950705
132 211.90676147331203
136 211.56409361807232
140 211.29959274868745
144 210.67427649422183
152 209.0561991998045
156 208.08110055174103
160 207.10511377697156
164 205.5821747727145
168 203.98929154178353
172 202.20278162460667
176 200.18899757974643
180 198.03491594215316
184 195.51594535066076
188 192.66519928124808
192 189.53026259981624
196 186.4006457250403
200 183.26964121656962
204 179.93244443572576
208 176.30887799856487
212 173.1771780855454
216 167.74959188629646
220 160.83182717678142
