60 191.839278372403
64 193.82074790415686
68 196.14048902403493
72 198.35889365018966
76 200.55430508221866
80 202.4128665862754
84 204.30303381207563
88 205.9204842657677
92 207.19217642022244
96 208.27353746088988
100 209.23392707374558
104 210.2129824509331
108 211.02329662526
112 211.4916452323183
116 212.07991149591118
120 212.5230485479524
124 212.707133326168
128 212.71405809456581
132 212.60822021511856
136 212.29336443162967
140 211.84289516984674
144 211.34501677554323
148 210.61651699353087
152 209.67250243849193
156 208.65923852357926
160 207.51661236426577
164 206.27560907983263
168 204.65752913853
172 202.93855909367642
176 200.974021687292
180 198.82426209951598
184 196.12525746459494
188 193.55095336117677
192 190.63504806639665
196 187.4604064471299
200 184.13411675554562
204 180.62230401163868
208 176.74022777555805
212 172.7213721903729
216 168.35288503971503
220 162.89917301311448
