56 188.12638471934417
60 190.19325620241818
64 192.97643863932757
68 195.3537911569805
72 197.39742668726785
76 199.27163357979728
80 201.02777098880722
84 202.83208270510744
88 204.45545567975853
92 205.80844049430894
96 206.93567359430494
100 207.88207675137141
104 208.7230103416831
108 209.4299063602599
116 210.53335056573707
120 210.78146371744702
124 210.77575653372273
128 210.77985186535295
132 210.7465836146307
136 210.58922809741063
140 210.24827848805327
144 209.72722044658425
148 208.95249710055
152 208.0741259385941
156 207.12436423940807
160 205.86102495377435
164 204.35391081323863
168 202.7136493205681
172 200.93466602627058
176 199.09941404383545
180 196.7321590576684
184 194.08439243755333
188 191.52571970695485
192 188.90270853176239
196 185.9129917882886
200 182.3706680735399
204 178.83999615070758
208 175.08099505948732
212 171.8556783110439
216 165.70829538868796
220 159.6055981691166
