60 190.1157135587819
64 193.02471429086836
68 195.2978100509984
72 197.62629129814775
76 199.71328603790624
80 201.68317710992847
84 203.39582999501528
88 204.948659434626
92 206.23443941702317
96 207.45466978501372
100 208.60940383503856
104 209.5041987557474
108 210.3529876334495
112 211.15858930842637
116 211.62332210373327
120 211.92567990136862
124 211.97833328961593
128 211.9763374715894
132 211.9156636440112
136 211.6417342202796
140 211.27888965860768
144 210.64261413992386
148 209.77168509256316
152 208.82906356011148
156 208.05358220383516
160 206.96001737937988
164 205.5371006404805
168 203.88417694770828
172 202.28992359292877
176 200.3066576378246
180 197.78868341673302
184 195.31044689162192
188 192.7200847863745
192 190.03011848485164
196 186.90237731028225
200 183.40008913859816
204 179.83809374624644
208 176.35098283099575
212 172.38442869990712
216 169.29240358942928
