60 191.61091914658456
64 194.53632921889772
68 197.18033514053545
72 199.23286848652035
76 200.91616896429412
80 202.7738281015031
84 204.55630766246077
88 206.2129777685769
92 207.63855001358473
96 208.81760515958342
100 209.7852453698888
104 210.64709512574794
108 211.43851200107284
112 211.9451107985263
116 212.36078962609696
120 212.73595504980213
124 212.80103783303173
128 212.77703941281553
132 212.7209475831802
136 212.52011793532898
140 211.9993055935567
144 211.40555996815627
148 210.71790568992043
152 209.8115734814128
156 208.7763692549379
160 207.5979570382015
164 206.1749604485567
168 204.72474154372566
172 203.09954230287235
176 201.0955997886103
180 198.93756436433355
184 196.29842316427974
188 193.68701219196782
192 190.85551767052618
196 187.63471533991222
200 184.03800594638176
204 180.27025571487712
208 176.77557675156484
212 172.67847417341818
216 167.91018906361063
220 163.54961648758572
224 160.8357913150378
