60 189.8216666741351
64 193.10974091701138
68 195.81748758820154
72 198.16404746637406
76 200.12106405590336
80 201.73078898205952
84 203.33744688785654
88 204.90580149054523
92 206.10847111722728
96 207.26025668382832
100 208.4566905298404
104 209.43637318900403
108 210.21597528219257
112 211.06359102828097
116 211.5366191379863
120 211.93244594108265
124 211.97245163783
128 212.015328099715
132 211.9376185720447
136 211.6053998119121
140 211.28736594333992
144 210.5834792278209
148 209.76434816156603
152 209.00175993513855
156 208.21733798144223
160 206.94598449328058
164 205.5470279973376
168 203.97006559005183
172 202.39012162186555
176 200.38071523932808
180 198.31755009409306
184 195.7388330397401
188 193.0087020617575
192 190.0230541487441
196 186.8735825329369
200 183.5085833643945
204 180.14671417732296
208 176.43904343326236
212 172.5942510006666
216 166.38952272611138
220 160.30500400646588
