60 190.97994322234405
64 193.8295317530883
68 196.5280545925076
72 198.5251194623741
76 200.38798233875752
80 202.29506035118925
84 204.07076577627464
88 205.48601797386237
92 206.96258700360517
96 208.0324501547891
100 209.05494526918048
108 210.64816470681518
112 211.09720775824889
116 211.61059892096057
120 211.99330043220843
124 212.16286445041666
128 212.27662361333566
132 212.153384843227
136 211.71736009753099
140 211.413802422907
144 210.80835451154093
148 210.147678037476
152 209.13773078157215
156 208.30381206451364
160 207.2448351442555
164 205.84598049441445
168 204.19734432639086
172 202.5061370268428
176 200.42813405124934
180 198.30939598768842
184 195.91880195128994
188 193.17485541622295
192 190.30212304043152
196 187.12231241625747
200 183.58683890901534
204 179.97607347519448
208 176.00581018706674
212 171.6476059107472
216 167.21710786583418
220 162.70171902674235
