60 189.55276243591015
64 192.3270079112724
68 195.08267606417354
72 197.2518902455384
76 199.03538162297326
80 200.71099123897946
84 202.3763791321812
88 204.09524490293822
92 205.51398314013088
96 206.7639792262971
100 207.79541854242933
104 208.66227175461088
108 209.4529133681361
112 210.16741898436894
116 210.57545353923408
120 210.96062651899615
124 211.321945619641
128 211.32715224517415
132 211.13153909932976
136 210.87671922949266
140 210.51451706304488
148 209.20652410824547
152 208.29026170789288
156 207.46012999124105
160 206.3153138338071
164 204.97867647304798
168 203.59417139591804
172 201.80961147271472
176 199.89947170531838
180 197.6741078733664
184 195.32405391710148
188 192.67531517677153
192 189.91070830326612
196 186.83253484888704
200 183.52710824981366
204 180.11538843010902
208 176.3480301098574
212 171.99106806078396
216 167.75779189631382
220 162.49346807240983
224 158.48439327061845
