60 189.9509970283894
64 192.55637153691418
68 194.84441246229312
72 197.05653109545847
76 198.8499138611537
80 200.74133810655218
84 202.48832908459457
88 204.26367250431207
92 205.76458515660252
96 206.96458967045845
100 207.9183966808066
104 208.89969839365864
108 209.7108359916605
112 210.32715124785304
116 210.84408231844643
120 211.1984852365371
124 211.4470890578926
128 211.3394638768657
132 211.15507423030834
136 210.86264030854184
140 210.6093724828398
144 210.13620634337997
148 209.3519350287116
152 208.42890579720785
156 207.40033880235848
160 206.28955035068714
164 204.99046724107487
168 203.38146478252654
172 201.50683536301992
176 199.62660345764266
180 197.635521841361
184 195.40943973678532
188 192.755977905479
192 189.9266217246472
196 186.73576006757997
200 183.22959231799075
204 179.55518009613368
208 175.83443104579288
212 171.92320127995185
216 168.3610608127958
220 160.29357654828442
