56 188.03674377697854
60 189.38086325312372
64 192.2246065676906
68 194.890164050371
72 197.12050622437465
76 198.97548275634654
80 200.85148175942174
84 202.68496257648593
88 204.42896053237052
92 205.79480661694265
96 206.9804233564721
100 207.8266829356122
104 208.68311486240293
108 209.41418812087147
116 210.33501161864257
120 210.55168472106885
124 210.53000705945527
128 210.6257963463467
132 210.6440986299684
136 210.54796049719897
144 209.34533767038215
148 208.66073192525246
152 207.90193989959687
156 207.0314434693015
160 205.73930792239995
164 204.45304363023178
168 202.88796610439763
172 201.07775882845755
176 199.1376160205399
180 196.76148889654007
184 194.01674865271653
188 191.37707560094316
192 188.82744781455116
196 185.74338204725154
200 182.34667023682115
204 178.86616300949748
208 175.22559796849998
212 171.17709130633116
216 166.7275589207901
220 161.37336058940014
