56 188.52817378066283
60 190.28515309508646
64 193.1562425946076
68 195.61674077613844
72 197.7306554307586
76 199.47475702119192
80 201.1393786725411
84 202.76530726990597
88 204.37201091972398
92 205.6682478938078
96 206.85603116649543
100 207.89291720136495
104 209.00029023577144
108 209.91174244570493
112 210.6169639279524
116 211.1157537311885
120 211.43993094940907
124 211.65059918328956
128 211.43382203661795
132 211.17215602376342
136 210.76284253010567
140 210.36771686475157
144 209.80881552982197
148 209.1030803602901
152 208.20977058198173
156 207.164078090732
160 205.8855306877827
164 204.6506036717577
168 203.27610767552775
172 201.35397618782696
176 199.4155800073015
180 197.12344017177713
184 194.65382340381632
188 192.0594288630185
192 189.24290864170973
196 185.8699485729844
200 182.403431729841
204 178.84920118722167
208 174.82127496278852
212 170.64483589677388
216 166.63211039720807
220 161.32673734338766
