56 188.33209603379385
60 190.61701980099167
64 193.72868514009613
68 196.32121358755504
72 198.58323126064406
76 200.39574060251158
80 202.25289280533164
84 203.8884597734824
88 205.2221406584439
92 206.52056168430283
96 207.70113118282302
100 208.84777524527806
104 209.86213910074636
108 210.52113992315924
112 211.09427485074792
116 211.56600345001274
120 211.96082900131682
124 211.9509525048562
128 212.05099484162608
132 211.96057160049193
136 211.60854687412046
140 211.22838515160018
144 210.41701733006386
148 209.5843867164267
152 208.63307606006435
156 207.4967790514504
160 206.20571972408362
164 204.90530978714725
168 203.42903354360632
172 201.74593999831436
176 199.92107264437004
180 197.6603434791438
184 195.14269576093764
188 192.5684647721236
192 189.72327839642236
196 186.4024973578205
200 182.90356939186336
204 179.65559361038373
208 175.87852839960738
212 171.65407734325873
216 167.6595048524918
220 162.97815250801358
