56 189.07322125123594
60 191.00621678905992
64 193.73613705071068
68 196.24748516697477
72 198.48498816425925
76 200.46741970452393
80 202.4683552418881
84 204.33388517666668
88 205.76465678934207
92 207.04143219957882
96 208.15063159674466
100 209.19229443895608
104 210.2680797352482
108 211.07806653360618
112 211.49986591048642
116 212.033748755835
120 212.49678591931055
124 212.6393603768322
128 212.66594058303903
132 212.5253718200358
136 212.07373953937753
140 211.6527619946084
144 211.23812921731286
148 210.52614628670034
152 209.47745121357062
156 208.4564821347725
160 207.37558259724338
164 205.91525373431216
168 204.14945341084612
172 202.38550748214269
176 200.46581782857504
180 198.48635157853994
184 195.9708628646448
188 193.2809604401143
192 190.36462446867188
196 187.20423627073092
200 183.81945531347986
204 179.90453113652723
208 176.18896429622134
212 172.43810052008115
216 169.07705407782802
220 161.28444833790857
