56 188.43519053972204
60 190.40621246337003
64 193.40227044693083
68 195.98004676442122
72 198.0524499814932
76 199.88750848846055
80 201.6215532221525
84 203.33332224507674
88 204.84906908113146
92 206.18460633579846
96 207.34065106990448
100 208.32984112507677
104 209.28940992993407
112 210.73802965049273
116 211.13950634464626
120 211.48649978810906
124 211.70972764260466
128 211.81261977009729
132 211.45108679231072
136 211.02078787218784
140 210.57245957458937
148 209.15556667339578
152 208.2521322092964
156 207.248269644532
164 204.56932895782109
168 203.06197351155154
172 201.31034483619607
176 199.43142443895636
180 197.09006056074497
184 194.525611804228
188 191.6679957653542
192 188.81688355767787
196 185.6955424909421
200 182.21857290791317
204 178.78585438630694
208 175.24731626919313
212 170.95383688588873
220 161.08537787821143
