56 188.46158632818953
60 190.55296381393407
64 192.8507130216855
68 195.0198262660841
72 196.9203181241655
76 198.84387534380477
80 200.78787382616025
84 202.5413101834908
88 204.2039310975016
92 205.7536338145616
96 206.85367759554754
100 207.80870753338104
104 208.66942709170166
108 209.3702169345121
116 210.41511075967463
120 210.57198960819034
124 210.67597894200708
128 210.73922822853513
132 210.83575737789607
136 210.63198905289414
140 210.26590212358212
144 209.59190203741625
148 208.72398316259935
152 208.01376630864684
156 207.07346528814367
160 205.88649704840094
164 204.53299472311508
168 203.005441758398
172 201.1914013646338
176 199.4156427440799
180 197.34880950788116
184 194.91337600796072
188 192.06182171495962
192 189.14059817853916
196 185.99858105757505
200 182.3088350746321
204 178.8835012109284
208 175.2614206895793
212 171.39912845232493
216 167.41811553030442
220 163.13950703708227
224 158.59745142870293
