56 188.50363358008832
60 190.72199142699844
64 193.23359052883237
68 195.32475503714127
72 197.33529979515214
76 199.35041316152024
80 201.34275382784267
84 203.07097288928975
88 204.65613934806652
92 206.09098699645764
96 207.21284321828978
100 208.18177896300355
104 209.02213225898345
108 209.8705174415577
112 210.552263150834
116 210.9797473709379
120 211.30864412938462
124 211.73314074298054
128 211.77726696760416
132 211.56163174171783
136 211.2280904594704
140 210.77303113518923
144 210.2161909337584
148 209.33734362207537
152 208.6474769896874
156 207.7424256166461
160 206.64748765241
164 205.19894298496862
168 203.68206976814733
172 201.85463069677476
176 199.96183402642893
180 197.67215982269119
184 195.29722936324305
188 192.68429376686328
192 189.878764656596
196 186.64887272064863
200 183.08274599385228
204 179.69071667255523
208 175.95367737763468
212 171.64379478778778
216 166.71406760742417
220 162.45110379364672
