56 188.7946295116041
60 191.0154384677307
64 193.54259956739259
68 195.78970332471846
72 197.75757601570407
76 199.59708143140324
80 201.26332114306868
84 203.05210278696416
88 204.71852118636588
92 205.86998334682647
96 206.99598953810636
100 207.9452209161297
104 208.96574945949394
108 209.69465629026217
112 210.4538533114585
116 211.000611502829
120 211.31692854817908
124 211.5188530516128
128 211.4619609202366
132 211.17877796702658
136 210.84337246017782
140 210.38735069887383
144 209.80551904962047
148 209.06537571973254
152 208.1559268375201
156 207.11198276587743
164 204.75584681284235
168 203.1770883557771
172 201.38475475774226
176 199.39265811297832
180 197.1405367591836
184 194.61069018903748
188 191.73900440594477
192 188.93110625009666
196 185.70750536484877
200 182.1275422179732
204 178.4660381940775
208 174.54258608180692
212 170.95207413362917
216 167.88497671868814
220 161.3121129672306
