56 188.16795999279617
60 190.7754916878446
64 193.59068641553796
68 196.1318901042765
72 198.23606556983967
76 200.09133545959244
80 201.68150217904667
84 203.36879802555737
88 204.8506351101156
92 206.20387810335316
96 207.4164896524248
100 208.46163923496982
104 209.37903514513107
108 210.05495057609585
112 210.69395403240802
116 211.22435844864114
120 211.51516024916234
124 211.5957166703906
128 211.43910329509174
132 211.0428264545867
136 210.59796846720934
144 209.37116450970228
148 208.6570063295822
152 207.99395178648675
156 207.01052130577625
160 205.69884942552517
164 204.1931127413073
168 202.44387082132138
172 200.4993737896844
176 198.70215840272155
180 196.3634935136707
184 193.78167101707515
188 191.1868561484439
192 188.46747403174516
196 185.2473124161755
200 181.6201350187726
204 178.25332529968773
208 174.8326500784736
212 171.0832704327117
216 166.50915261740255
220 160.44020495154427
