56 188.34150984191666
60 190.77247960231995
64 193.7365204524221
68 196.36433444882414
72 198.45858066610623
76 200.25294727096673
80 202.14037103164924
84 203.86203036666055
88 205.34630114277948
92 206.59138762292713
96 207.67105800568476
100 208.75752529514972
104 209.60018869866173
108 210.34370924105926
112 211.05491498327942
116 211.48106448134268
120 211.715583137197
124 211.81536808654414
128 211.6602322633638
132 211.38535043485004
136 210.95954614070905
140 210.52373176343818
148 208.94527217787936
152 208.01285560794472
156 206.95979697842773
160 205.7360627151718
164 204.20449875597419
168 202.59134398142686
172 200.8158511500096
176 198.7978161216897
180 196.3473684829537
184 193.69113853263786
188 190.9843032421087
192 188.0464693993433
196 184.96126798562472
200 181.66053593334584
204 178.200724381829
208 174.35936649241484
212 170.30038632892143
216 166.33241002189806
220 161.88970856953853
