60 189.20221419114705
64 191.84610699544896
68 194.3827707258907
72 196.4664986803215
76 198.43528807830563
80 200.25365855934353
84 201.8300629734153
88 203.2496441546818
92 204.295881843404
96 205.46668328174138
100 206.5067190869363
104 207.31222222390886
108 207.87106474806086
112 208.3975233082384
116 208.80886544428773
120 209.12938568184074
124 209.458222173684
128 209.55490781628123
132 209.24497797161752
136 208.7990283390066
140 208.24889551474428
144 207.78703076871827
148 207.24042746898877
152 206.36551060920928
156 205.385638235631
160 204.09246217601446
164 202.6310012293685
168 201.00581985840262
172 199.281869094907
176 197.26645829592889
180 195.0379545260805
184 192.29769706496432
188 189.55687250692986
192 186.7646521544424
196 183.95015954960073
200 180.66879765990043
204 177.21496734918622
208 172.93746262524917
212 168.3767183197728
216 164.51715502834205
220 159.2679361537295
