56 188.4708748910087
60 190.877395382182
64 193.67048060537257
68 196.3541037208238
72 198.23392551803968
76 199.75149167090433
80 201.16586821765634
84 202.91042558806686
88 204.5364424298312
92 205.7839978620475
96 206.87410352274702
100 207.83268918614954
104 208.79588744118408
108 209.52034488908998
112 210.17372224088095
116 210.44613680709227
120 210.63713394195145
124 210.6357823822832
128 210.58736554767978
132 210.52121419364323
136 210.34217922983248
144 209.15941366992183
148 208.27773362730233
152 207.40614299391737
156 206.44233807810235
160 205.1900052514121
164 203.762239015052
168 202.21019278475876
172 200.41902356306716
176 198.2869510758842
180 195.84708621215455
184 193.51885882469344
188 190.82580370371736
192 187.647185514042
196 184.2425993910025
200 180.39371046349214
204 176.8203898319707
208 173.43202056698863
212 169.67059530628967
216 164.64409117095198
220 159.83081864365363
