60 191.2016730468365
64 193.29692477282777
68 195.55821022909387
72 197.8677486055725
76 199.8066123848612
80 201.59458650968094
84 203.17326196578892
88 204.5518027073221
92 205.82901271171025
96 206.98309386976385
100 207.8390752993328
104 208.78680024718733
108 209.4920909408763
112 210.0970199480247
116 210.43256635882256
120 210.53087581891293
124 210.53383576175847
128 210.77419655935682
132 210.6312383449689
136 210.31693882191573
144 209.26679812734017
148 208.6030678525887
152 207.78917914382384
156 206.74026236624033
160 205.35626823615624
164 203.83418547227677
168 202.14476387738654
172 200.35899067939732
176 198.38593805066796
180 196.15468065594257
184 193.69123176891824
188 190.72946855682957
192 187.61711932369315
196 184.56725430263265
200 181.1695178389415
204 177.4297243048917
208 173.5610877247504
212 169.51429820146546
216 164.84189491926725
220 159.17107486304053
