60 190.4810977605776
64 193.03986355658844
68 195.2587483706091
72 197.35367683936988
76 199.17742153297843
80 200.782692350179
84 202.4877024258513
88 204.17303095045472
92 205.45165988182512
96 206.36284071678563
100 207.2469501043728
104 208.21753241758012
108 208.98050761829177
112 209.50682540067788
120 210.26259783847087
124 210.46513007975875
128 210.52652735804728
132 210.26447590279014
136 209.82317757427552
140 209.330112149336
144 208.62384283219038
148 207.8288946112534
152 206.80794188452194
156 205.7724116110277
160 204.60342448914002
164 203.25669441012244
168 201.65474876026747
172 199.93735531071803
176 197.72771544836496
180 195.3874414031444
184 192.8309768083276
188 189.9443472560757
192 186.94841302379461
196 183.75463368970787
200 180.48103767234892
204 177.05307558460183
208 173.18982926382648
212 169.4033388680544
216 165.75897864049102
220 158.29182962210763
