56 188.5773097150847
60 190.99884496428723
64 193.85913451498442
68 196.55642727692523
72 198.70401594311295
76 200.5804464079446
80 202.4015871002718
84 204.23083817232524
88 205.6535080031536
92 206.93496004667566
96 208.0292489276446
100 208.98460365532188
108 210.75700169710527
112 211.34635335225167
116 211.69573669076402
120 211.94111277525934
124 212.09068740869887
128 211.91730002757902
132 211.67298671893258
136 211.2997932759172
140 210.67510917243237
148 209.36515800811839
152 208.5333179711509
156 207.59663200686668
160 206.3302034666961
164 204.89797924872835
168 203.2601317598885
172 201.45924031466583
176 199.40340941000338
180 196.98574488015458
184 194.26102376648691
188 191.51950114114902
192 188.82065335167948
196 185.63565068154566
200 182.2008966843938
204 178.46093504884948
208 174.53238583677145
212 170.52104992132303
216 165.66938438648566
220 161.36951241633454
