60 189.4224675227985
64 192.2770664273088
68 194.9268913950001
72 197.10558718973095
76 199.13116738334702
80 200.88896900517867
84 202.62465747282735
88 204.03104453674274
92 205.20987292354204
96 206.2301088569931
100 207.1835138764083
104 208.08579593661318
108 208.7686361397893
112 209.28227193724263
116 209.78233956077253
120 210.2391655599671
124 210.40267333455208
128 210.36105462443365
132 210.19854510591142
140 209.39070874905218
144 208.75438114076994
148 208.13417851907158
152 207.30322722375004
156 206.09077553528016
160 204.8054131696977
164 203.4783781180203
168 201.8620290212533
172 200.0314773322871
176 197.9732079421822
180 195.6663512311009
184 193.09122860621346
188 190.33405847145357
192 187.36863011352335
196 184.1452900414687
200 180.59562872697114
204 176.98676850112554
208 173.3669942665009
212 169.690145800778
216 165.37159648090835
220 158.956996692107
