60 190.7960078367167
64 193.00430255157357
68 195.30625671244698
72 197.6431164079339
76 199.77556561207405
80 201.43255853068848
84 202.99552227221773
88 204.35629663694482
92 205.66365326246566
96 206.76169437933294
100 207.65828061648753
104 208.7119451461691
108 209.5867938673972
112 210.1465561423207
116 210.4822824060987
120 210.53809653865096
124 210.57444951978908
128 210.60674510614518
132 210.53598032076934
136 210.327163758219
140 209.8723738204348
144 209.17927736845294
148 208.3112323708531
152 207.45064064287996
156 206.49625053465348
160 205.3258588624292
164 203.91120140630701
168 202.23488063114442
172 200.19219590353836
176 198.09970725852997
180 195.75025910856135
184 193.20358501573605
188 190.5758979593649
192 187.9334278067888
196 184.94792044955247
200 181.33221027975134
204 177.2575303912908
208 172.85906614621376
212 168.6274590968472
216 164.93949542043583
220 158.3318029070905
