56 188.36347653737067
60 190.8606428584713
64 193.74730366738083
68 196.40052113985865
72 198.5235500475061
76 200.40349698147398
80 201.97011575123403
84 203.5790787444364
88 205.03872065520548
92 206.46012448490507
96 207.6233412394431
100 208.5680346320204
104 209.3199876951162
112 210.60772482427376
116 211.02882933705018
120 211.29695882592767
124 211.52438406820306
128 211.43313739254074
132 211.1435352162091
136 210.73602551556098
140 210.16426854919752
144 209.60176179178146
148 209.01958134595935
152 208.33727667538304
156 207.32723638327562
160 205.94385892031102
164 204.16701342574055
168 202.46439868852573
172 200.7525503476302
176 198.96160680356599
180 196.76773327816272
184 194.25398293990068
188 191.28839543519285
192 188.10178237101965
196 184.89849387407938
200 181.5895577079928
204 178.19942952245384
208 174.33920689515787
212 170.41762890946654
220 161.204825670443
