56 188.25488952219519
60 190.82610881931151
64 193.7886002540031
68 196.43670287585067
72 198.5096370386032
76 200.31446947269654
80 202.03486553006638
84 203.6896753937773
88 205.1647856511623
92 206.535797998064
96 207.60680383045758
100 208.6535613171418
104 209.63509382068995
108 210.40365423236477
112 211.0244192193835
116 211.43980383213713
120 211.74422987452144
124 211.904179620722
128 211.78788349543453
132 211.4909667015311
136 211.1649272418142
140 210.5497162809534
144 209.83337231308894
148 209.21908909694466
152 208.41837524355486
156 207.2772760386082
164 204.47534758407483
168 202.9727542304542
172 201.08206085044827
176 199.30900126341055
180 197.0156218150517
184 194.5043876275051
188 191.6338761262708
192 188.90294985365563
196 185.7456503650673
200 182.20479761422902
204 178.6600041159539
208 174.92992039505302
212 170.84047405849782
216 165.67135259588278
220 161.67597815006758
