56 188.50996977188686
60 191.0775088457751
64 193.74085683725727
68 195.9482654236394
72 197.88974986101073
76 199.64852805159956
80 201.46789595774177
84 203.18210810604467
88 204.8393459777323
96 206.97695810709223
100 207.82473780913153
104 208.78407857893944
108 209.59064429617857
112 210.16401018964837
116 210.48718749073632
120 210.64005439941226
124 210.55453086601602
128 210.66305862892602
132 210.57014716369952
136 210.41248122757736
144 209.22668840752993
148 208.60186542506733
152 207.8376072235538
156 206.74759410328255
160 205.32224371767643
164 203.82949083257736
168 202.17061927790266
172 200.27218715452173
176 198.45491751220047
180 196.26186351319637
184 193.73803663598864
188 191.0015836856459
192 188.16136793775016
196 184.99491652728312
200 181.3152705305298
204 177.64441661952003
208 173.89533361022853
212 169.76547588252453
216 164.74166319036723
220 160.4388336093847
