56 187.89971092851613
60 190.34740650816994
64 193.27001599538133
68 195.93399875593667
72 198.20170902626222
76 200.10687502906836
80 201.9559684110115
84 203.56014292396696
88 204.89533337642163
96 207.15882142512163
100 207.98094643738153
104 208.89276572760943
108 209.7230133117181
112 210.21367576874877
116 210.4982775271768
120 210.6151126825247
124 210.63647424520013
128 210.65182559985413
132 210.53536492034823
136 210.4981379987849
144 209.45953572793493
148 208.66680243079364
152 207.791941742397
156 206.68639902101094
160 205.37646207589248
164 203.89331439013006
168 202.3744056769203
172 200.58707309442556
176 198.69746524397124
180 196.1473518836186
184 193.51647081962204
188 190.80337415872503
192 188.05518596692775
196 184.98317625881748
200 181.63186594341602
204 177.61971050306428
208 174.1772509884559
212 170.47342132848541
220 160.9632598675812
