56 188.44465135215518
60 190.74984338371036
64 193.43309499592547
68 196.0270120227944
72 198.2421264292149
76 200.24222706000327
80 201.96017725190654
84 203.5589672899041
88 205.0200618855366
92 206.303702711126
96 207.53021656636722
100 208.59344780251166
104 209.48806130314892
108 210.22166578833293
112 210.79812634144756
116 211.24891732841473
120 211.37501428364476
124 211.57257288450595
128 211.53381925780357
132 211.18964905247782
136 210.80362522443943
140 210.32750953956227
144 209.6909950224058
148 208.96951649722902
152 208.20898133206023
156 207.26060877736268
164 204.6273004886618
168 202.9524943529163
172 200.97892386834224
176 198.9938349350049
180 196.70926931189507
184 194.28347982581727
188 191.44643521579275
192 188.49425041188218
196 185.15001655775922
200 181.5886536317031
204 178.18958146198105
208 174.47999645303173
212 171.27798259130896
220 161.0441043842283
