56 188.33181910572267
60 190.8387517314888
64 193.67637112505085
68 196.31282862127696
72 198.35426068782803
76 200.3622403334053
80 202.13296706106723
84 203.7471915344607
88 205.12073006653293
92 206.41625631205414
96 207.51983124264873
100 208.59588002391735
104 209.5105163510092
108 210.1821270619793
112 210.77109413328677
116 211.274553452914
120 211.475001528473
124 211.71390805217754
128 211.59798688528514
132 211.28844560512536
136 210.87031822092493
140 210.37721533024254
144 209.74806176041105
148 209.03825582407623
152 208.2293075294576
156 207.3859198357705
160 206.1674261026517
164 204.65467156615625
168 202.9510281951758
172 201.01363516975772
176 199.07436812197852
180 196.6566332436619
184 193.9493514658139
188 191.3046077719713
192 188.47946733406116
196 185.44811547467555
200 182.29803253720408
204 178.51374568952482
208 174.76566984677044
212 170.88130893523783
220 160.92601461509878
