56 188.6377595484118
60 191.47970537134518
64 194.36312767815633
68 196.770518233124
72 198.7003675815382
76 200.36377374683707
80 202.27559030794563
84 204.06702004567074
88 205.41966572997734
92 206.4818487017139
96 207.64752507334703
100 208.64017515922967
104 209.5410717547256
108 210.1995643453349
112 210.79535351116354
116 211.26844091236416
120 211.68462189303256
124 211.9035832136392
128 211.86769021191054
132 211.52491006225932
136 211.1500106739726
140 210.58677171092785
144 209.84236734305534
148 209.15138053766145
152 208.37005421120804
156 207.40060147476447
160 206.08779956405672
164 204.49046389276265
168 202.84159837453342
172 201.17927627093258
176 199.4008526324793
180 197.06025868769268
184 194.50790939181272
188 191.89414133885037
192 189.06505568442142
196 185.80075386845573
200 182.2145807404048
204 178.61654586080758
208 174.7489510052244
212 170.85467420766588
216 166.07194063183965
220 161.71023404458768
