56 188.8111307599952
60 191.38084491883382
64 194.2639221536085
68 196.75850453351336
72 198.7537142622349
76 200.64320970829635
80 202.50425229717513
84 204.28476641384154
88 205.9448665981797
92 207.25579196556478
96 208.28379574915925
100 209.23387938202237
104 210.08421229698826
108 210.83022799927545
112 211.31445932833807
116 211.68081659934853
120 211.85986919282814
124 211.9119961534239
128 211.82093719356848
132 211.81697847911815
136 211.54652591821602
140 211.08136369005618
144 210.36049477747486
148 209.5768873825229
152 208.73511934026988
156 207.91529363526368
160 206.72944538935744
164 204.98855520870342
168 203.1327222475716
172 201.12161353453962
176 199.1213537774315
180 197.04122256801108
184 194.63822943415443
188 192.04735025481776
192 189.298534018785
196 185.88234630005473
200 182.14573234364354
204 178.49276355532953
208 174.4250742455767
212 170.71681917377282
216 166.73562202849865
220 162.15028857826366
