56 188.2186562839477
60 190.87271605049784
64 193.53404070176134
68 196.1501446522952
72 198.53480290613763
76 200.48328058982818
80 202.21767374420915
84 203.66751306114674
88 205.13728448421037
92 206.36966468203542
96 207.4465713856697
100 208.55058369255795
104 209.34896545829835
108 210.10650071261773
112 210.5530641915148
116 211.08149765962742
120 211.36469067537337
124 211.54795237927135
128 211.49595408031274
132 211.17604442023952
136 210.75133226903776
140 210.30713751702177
144 209.59926856083928
148 208.97587989353107
152 208.26381622785513
156 207.2569769754872
160 205.86657556059578
164 204.2833158490822
168 202.61912127541095
172 200.73659507570426
176 198.81395182134088
180 196.52419321618044
184 194.08019488830095
188 191.27443932119812
192 188.34718828253824
196 185.30267367073446
200 181.93714738024426
204 178.24562602593096
208 174.46823947013348
216 162.7978332076875
220 160.10491156453298
