56 188.9450648143963
60 191.64590538765253
64 194.42099563077926
68 196.93656574128252
72 198.9701234410348
76 200.9955620547262
80 202.73340781771435
84 204.3878503908739
88 205.8421594475082
92 207.09883235010886
96 208.1217787582109
100 209.03792633933148
108 210.79923316424208
112 211.3119646476323
116 211.70358491541134
120 211.972558281737
124 211.99366806185918
128 211.83644570157367
132 211.689503759005
136 211.36504759951296
140 210.88540288295826
144 210.15865272336364
148 209.33625853307876
152 208.6074829520948
156 207.74462853734275
160 206.5005423514691
164 205.05407090354112
168 203.43149339986815
172 201.63908147829733
176 199.54524216068472
180 197.15137238522777
184 194.4548533720654
188 191.7081948040027
192 188.80741081566123
196 185.4782495407695
200 182.0910798498444
204 178.56667992443255
208 174.69565042197854
212 172.21933962452363
220 161.20265272764817
