56 188.9093793219935
60 191.5453818452304
64 194.4176613981108
68 196.63135721131243
72 198.69557997333203
76 200.6137400273878
80 202.49043470905656
84 204.31761388545868
88 205.88512841708717
92 207.1230692536975
96 208.2140410167891
100 209.0078661430158
108 210.72143144754784
112 211.2617921222372
116 211.7076634680474
120 211.9568962533525
124 212.04905447385096
128 211.8791469371818
132 211.70895818127607
136 211.3585312013419
140 210.833130594949
144 210.19640025239755
148 209.2939542091005
152 208.46527990673715
156 207.61901503214534
160 206.44655040803391
164 204.8457530248344
168 203.1776530581723
172 201.39627201543095
176 199.59751828597945
180 197.3747332615018
184 194.77130846025324
188 191.90166452104157
192 188.95470493111375
196 185.812634943971
200 182.46619511520316
204 178.99831305119264
208 175.13413783664237
212 171.31616157210294
216 167.4948729887901
