56 190.16176195355928
60 191.87190931391672
64 194.8107609169713
68 197.17155186268747
72 199.12800425677398
76 200.81476165845072
80 202.63552551285687
84 204.4714677927246
92 207.17139914624974
96 208.27124305853047
100 209.45041642236
104 210.3517972701547
108 211.01648161244125
112 211.45351255620486
116 211.90707491625125
120 212.12937148341103
124 212.36134258465634
128 212.33796409170807
132 211.9994362760432
136 211.5892602985315
140 211.19187930601458
144 210.57781645256654
148 209.7938659482681
152 208.67513600448845
156 207.51408970840896
160 206.27906066562738
164 205.0488747891746
168 203.48362423745724
172 201.72488574604796
176 199.75742003948392
180 197.47235455301703
184 194.86489225180142
188 191.93808607514563
192 188.916871536442
196 185.72898545865024
200 182.48231927681113
204 178.99902165157425
208 175.3212817567411
212 172.03897240239957
220 160.276374222499
