56 189.4016000583636
60 191.81195731761832
64 194.62019148244627
68 196.8593216999452
72 198.83797905761776
76 200.81230789716815
80 202.62172089375505
84 204.47487791802672
88 206.05890321124565
92 207.26246200459082
96 208.3483947816011
100 209.178137542291
108 210.73590298122514
112 211.21973887299967
116 211.65552420306625
120 211.92850432411677
124 211.97410623953448
128 211.83486884492288
132 211.72020374137554
136 211.37427802098378
140 210.81759570973105
148 209.38112626694198
152 208.7295678801308
156 207.84983937960834
160 206.55954769441365
164 204.96877217460786
168 203.2187067119584
172 201.31628686232767
176 199.36351209886212
180 197.0056779700592
184 194.58380703747633
188 191.94140298840085
192 189.20271863518417
196 186.0251952539689
200 182.4086190556862
204 178.76915510924027
208 174.89739619892538
212 171.6071649229333
216 164.94172107862437
220 161.2251671081998
