60 191.50105415330478
64 194.49627001099253
68 196.81698663562491
72 198.85025299347194
76 200.778319849313
80 202.79855903480097
84 204.5521355778862
88 206.1586257742423
92 207.43842656024404
96 208.6537321612329
100 209.7490743646403
104 210.75986447114985
108 211.31779584512745
112 211.75936587265755
116 212.05945326712583
120 212.29435690263895
124 212.47396251247906
128 212.4263582666459
132 212.214452697141
136 211.7890541109304
140 211.2773016496769
144 210.5727710986804
148 209.84529158502522
152 208.84871438138788
156 207.82188756073515
160 206.63783467153684
164 205.16491101378824
168 203.54949129128994
172 201.81254497034826
176 199.8555004740331
180 197.5517929576765
184 195.11318326739323
188 192.28980335949015
192 189.38906842625033
196 186.13832170829937
200 182.6612504513222
204 179.22724617616433
208 175.7225262323396
212 171.03350304478786
216 165.65659580999287
220 161.43717590384523
