56 190.16323226502874
60 192.47772909340716
64 194.7682557368821
68 197.08007409681156
72 199.06763302171154
76 200.82142443182656
80 202.5918734359358
84 204.38056362444442
88 205.98153569252565
92 207.4641942289346
96 208.70396931220796
100 209.66488036144534
104 210.45281924348672
108 211.19742777585893
112 211.68533852354977
116 212.04312874739324
120 212.24995688325242
124 212.52001078079854
128 212.38974266299687
132 212.1151737592005
136 211.56104534887575
140 211.0189890082051
144 210.28202411270377
148 209.59106642073752
152 208.771121525099
156 207.8756345505455
160 206.64128254138137
164 205.09332021678057
168 203.4949962907135
172 201.61879397126623
176 199.5632202853556
180 197.3511048518834
184 194.84928466271612
188 192.09835833898623
192 189.05282445100633
196 185.70776080909292
200 182.3550249938359
204 178.7799968095283
208 175.14131418301017
212 172.0753045668817
216 165.67096135239348
220 161.8532496441391
