56 188.72852751086094
60 191.17658317905838
64 194.2671838561185
68 196.69814425743616
72 198.64094326977894
76 200.47691524004378
80 202.3799229431698
84 204.2441293999136
88 205.65980564226544
92 206.81414616463144
96 207.81680299043876
100 208.84104390545315
104 209.79965964431614
108 210.54566756347478
112 211.15958444079774
116 211.65097440136805
120 211.8742422463053
124 211.99128707526918
128 211.99302765753072
132 211.93750299901572
136 211.53387318081147
140 211.08734347190747
144 210.3458421140457
148 209.52971404856692
152 208.59337351112123
156 207.53401351775196
160 206.34117727805298
164 204.89419970313946
168 203.24876628963645
172 201.3423658043733
176 199.37481124322187
180 197.18649547151475
184 194.81244555242876
188 192.21917654643443
192 189.31875967395777
196 186.03776686155993
200 182.3188610750942
204 178.55117875531982
208 174.8902985812224
212 171.33375135850702
220 161.97442099466872
