60 191.8922165987916
64 194.8907196551923
68 197.61290585093934
72 199.7911836638746
76 201.69214536346487
80 203.50628711975327
84 205.2196634837057
88 206.5991782437078
92 208.0249588147671
96 209.17344294950095
100 210.14387072609068
104 210.9456029380855
108 211.45419483191827
112 212.09177633778145
116 212.43943672793486
120 212.6613021387841
124 212.73772690934533
128 212.69672125887735
132 212.47639805456024
136 212.3321978743849
140 211.9170263522734
144 211.39972787960662
148 210.95736102104564
156 208.69191016196564
160 207.29125416400174
164 205.79641957572738
168 204.14899330094465
172 202.44433118251789
176 200.4991203410414
180 198.24683515774944
184 195.75894821782737
188 193.2143053589764
192 190.1526262144048
196 186.66797577169143
200 183.17552479153522
204 179.73740836269968
208 175.9777279894553
212 172.03970535358428
216 166.62700473427793
220 161.45082743899098
