56 188.55780325476053
60 191.64224290861716
64 194.75585501592738
68 197.1670681583057
72 199.19077681916644
76 200.98269611864788
80 202.639125789919
84 204.44393649458658
88 205.91930303680434
92 207.16939771351733
96 208.30187596747544
100 209.2623388652101
104 210.1269825756274
108 210.8210699315523
112 211.35938180713595
116 211.6943388261381
120 211.96699095485678
124 212.0239642403909
128 211.9295122525248
132 211.72824977697752
136 211.44172634695906
140 210.91649733149853
144 210.36151643086902
148 209.65808774035773
152 208.77114381927615
156 207.86084450618688
160 206.66300214650062
164 205.1398559836348
168 203.28043938650416
172 201.35603546555143
176 199.3220932198281
180 196.92893270988893
184 194.46237719805316
188 191.85807854674948
192 188.94239695706756
196 185.67216097911745
200 182.2560548310414
204 178.6901735196571
208 174.99119603768315
212 171.63090535499123
216 167.39034540210406
220 162.4482410442467
