56 189.24788691035266
60 191.52019639416181
64 194.12618520533712
68 196.6693049146202
72 198.78020098164293
76 200.68026644172602
80 202.46136895882097
84 204.1573263809061
88 205.55847685710907
92 206.89438910546338
96 208.11777669356655
100 209.35127706385163
108 210.6140465743394
112 211.11289858179856
116 211.5867307685678
120 211.89286809113122
124 212.0001340139602
128 212.05602032664754
132 211.8868183925402
136 211.47012296870355
140 210.9247381344831
144 210.29125938769934
148 209.53442875481386
152 208.64957874535503
156 207.45916164644393
160 206.13710661976393
164 204.62754754323294
168 203.05078111002499
172 201.30689782670228
176 199.51116511489053
180 197.16807567431692
184 194.45672031797739
188 191.65394988981308
192 188.7352136452543
196 185.51356779319684
200 182.07227016809242
204 178.44027830774183
208 174.69172076609067
212 170.89307402969484
216 166.3676621976595
220 161.30580109753254
