56 189.41129733765746
60 191.64468897400866
64 194.577122043628
68 197.21310205484392
72 199.1922580185982
76 201.06685360116086
80 202.95047464554446
84 204.76711590538716
88 206.23725095344668
92 207.4528234159373
96 208.537998766968
100 209.59630809302473
104 210.46116610626353
108 211.0649299431248
112 211.6171510441686
116 211.93463585139833
120 212.09032912346737
124 212.13170756053205
128 212.1405815967159
132 212.0290127586557
136 211.59215970026713
140 211.18592147990407
144 210.49713388015172
148 209.61272895681742
152 208.6767441796313
156 207.6404434018985
160 206.48924378123814
164 204.90996810027684
168 203.21154327613323
172 201.4821681812782
176 199.62432078906878
180 197.44085865868715
184 195.21867632001192
188 192.3638930473341
192 189.37274826326654
196 185.98367249104405
200 182.2550139586566
204 178.51350015858648
208 174.4094522291694
212 170.35309485739361
216 166.22042227704733
220 162.32639961479066
