56 190.42151989018421
60 192.9388277128474
64 195.44216427942766
68 197.79244428736166
72 199.81947844542378
76 201.56659065398645
80 203.36487741903522
84 204.96778311995257
88 206.36346089635154
92 207.57446412365658
96 208.7524442954621
100 209.8402011000747
104 210.83711196446868
108 211.3120580572063
112 211.91261867810698
116 212.34798141393765
120 212.5244549137322
124 212.6884152698122
128 212.58470187453497
132 212.41061484967366
136 211.9438225637632
140 211.4361333771344
144 210.94326383754807
148 210.19241221641795
152 209.15007162082028
156 207.94402768662098
160 206.59520159746725
164 205.08777163995566
168 203.53751642472744
172 201.7888091527263
176 199.83802468057982
180 197.5666391986754
184 195.12786482345354
188 192.30615255062943
192 189.31905147508058
196 186.09884720049163
200 182.30487040969192
204 178.44470552033187
208 174.7991564875411
212 170.88963587473336
216 165.6108263495929
220 161.4415735374679
