56 189.46928559024218
60 191.7051325002792
64 194.246080412075
68 196.61891428035702
72 198.72909914337083
76 200.6849452898566
80 202.62710243682886
84 204.47744822386886
92 207.2513985157741
96 208.37463460217256
100 209.37878831717677
104 210.26528813444042
108 210.8873074883159
112 211.33212364196532
116 211.8352776241105
120 212.0444079378009
124 212.24349376303024
128 212.14680881931557
132 211.99937763046702
136 211.53581676761667
140 211.0897289577182
144 210.54911190459515
148 209.7918039883658
152 208.87063856297897
156 207.92337785891363
160 206.67623668437076
164 205.24832127233313
168 203.66002352796067
172 201.8085301744591
176 199.75970439071898
180 197.4994570386724
184 195.06837182056407
188 192.44207216028374
192 189.78328114932748
196 186.65670327016073
200 182.75705135266634
204 179.30718244176197
208 174.9692258279966
212 171.02743165968982
216 166.21608969568186
220 161.45671309126038
