56 189.17453242596565
60 191.68937175012093
64 194.54339121505154
68 196.99819965873414
72 199.258416572849
76 201.18049073284402
80 203.03517035862288
84 204.58127611905724
92 207.37808619485313
96 208.56652197986534
100 209.44042858141066
104 210.38343232539907
108 211.07845597890366
112 211.3916308665737
116 211.7474356292095
120 212.02391853900411
124 212.05465742045214
128 212.19597539086456
132 211.99343882360674
136 211.55580508652992
140 211.10682171937253
144 210.36891803620406
148 209.66636787748956
152 208.80245440588655
156 207.77461194996755
160 206.53233927815447
164 204.869792210222
168 203.14876246255986
172 201.33918941276343
176 199.60289821034664
180 197.20806513212784
184 194.7483984531073
188 191.93898460740076
192 188.96316555197518
196 185.5359109811781
200 182.07581382507058
204 178.32259467831378
208 174.8836285385548
212 171.70438330690325
220 160.97786973680684
