56 189.64083120711376
60 192.28956118799158
64 194.85387731123583
68 197.20423351323717
72 199.34229046261774
76 201.2921617767127
80 203.08577773913038
84 204.76612975048505
88 206.20667847796597
92 207.4502590622368
96 208.63578904260694
100 209.6418873912616
104 210.51022059173954
108 211.13332757175755
112 211.61052075303354
116 212.0906023532409
120 212.30411222874682
124 212.4961611989944
128 212.3935804776352
132 212.33685529090286
136 211.90759786276982
140 211.41529921172648
144 210.73244675442197
152 209.01742507352276
156 208.00456231407472
160 206.81284143255684
164 205.230219494984
168 203.56812346812168
172 201.71297610185553
176 199.7033299467273
180 197.4905518625047
184 194.8228827624084
188 192.02706654480593
192 189.09949257275247
196 186.00829055698955
200 182.5802597495349
204 179.03256133062436
208 175.1199136086767
212 172.35231751451482
220 160.4874927144877
