56 189.5221289757018
60 192.32233102535182
64 195.2959154598714
68 197.62164780136152
72 199.5964718119876
76 201.42827173605477
80 203.23648815717723
84 204.9016107909848
88 206.27476252434258
92 207.43998234810894
96 208.59651104961432
100 209.53315709048564
104 210.5739451841397
108 211.13307194153623
112 211.7177397555939
116 212.1718833369402
120 212.4406961208477
124 212.61631079154427
128 212.61445520322616
132 212.43463796944943
136 212.20002176076406
140 211.63048075757695
144 210.9850227356089
152 209.0128181461775
156 208.02191870689342
160 206.70821989064282
164 205.20139658037397
168 203.620716711152
172 201.96359448395188
176 199.98605154017918
180 197.85033200329616
184 195.46389339878056
188 192.85653946777035
192 189.63907880943736
196 186.0853620334923
200 182.6321844075047
204 179.39259678138143
208 175.58428318176553
212 172.7977642702857
216 163.99495997777015
220 161.3525689096425
