56 189.09511979895206
60 191.71680320062165
64 194.62893496415828
68 197.15674336797503
72 199.13024912337767
76 201.081381203651
80 202.98841881962846
84 204.77595374738416
88 206.3461955026699
92 207.46508955783577
96 208.59167319724543
100 209.50955528688442
104 210.3910061791138
108 211.14658831001785
112 211.79117216073286
116 212.21911464464026
120 212.49250766906383
124 212.6615638250326
128 212.5731959057367
132 212.39895846396593
136 211.7545087999727
140 211.228079235746
144 210.54710318617734
148 209.6777735605269
152 208.71455910751482
156 207.6839632330558
160 206.55184057202337
164 205.1369527815378
168 203.67846821696114
172 201.9338056532079
176 199.96125703837257
180 197.64340476546604
184 195.0734452380624
188 192.14424572547836
192 189.19601581663645
196 185.8299919350026
200 182.30563984800872
204 178.99600835165813
208 175.60658380969517
212 172.28236211513138
216 167.24286721922837
220 161.74871284777487
