56 189.47652819134484
60 192.20394629766562
64 195.05378269866546
68 197.43255413861533
72 199.52231049048558
76 201.52902875485864
80 203.3133746902786
84 205.02382333263793
88 206.40274955169355
92 207.56449768475815
96 208.7615856037592
100 209.81862604987697
104 210.79718527753795
108 211.3021400383239
112 211.96833848642333
116 212.28784496354425
120 212.536315447299
124 212.6686690748573
128 212.5967700881816
132 212.4234492625212
136 212.13361934697843
140 211.54344602772838
144 210.91488136368616
152 208.9524592983971
156 207.98708145544023
160 206.78756795936505
164 205.26339306341575
168 203.62098839000953
172 201.83490362425061
176 199.81327181760105
180 197.53248384377764
184 195.24539240284778
188 192.5345356416317
192 189.43555067777498
196 186.1563529444022
200 182.57078925860003
204 178.98803123797813
208 175.36330142479676
212 171.51701468723786
216 165.02052111245334
220 161.41718301541025
