56 188.3202892366232
60 190.77995959345432
64 193.7297913785697
68 196.20616224937504
72 198.35984900631334
76 200.17113743378624
84 203.54173416082497
88 204.94043906798777
92 206.25268119377813
96 207.42947346884398
100 208.50567787603825
104 209.41516405325004
108 210.17150697117714
112 210.76196600764288
116 211.2454217629469
120 211.4766511644895
124 211.65176625196784
128 211.4891696761951
132 211.10903521149544
136 210.71168148525294
140 210.34541088951903
144 209.82408645989085
148 209.01990979202313
152 208.19470107266244
156 207.22159929818312
164 204.46110368713448
168 202.74451102645983
172 200.91120768429414
176 198.9724197473402
180 196.58206944207723
184 193.91497764866614
188 191.21435334561605
192 188.33080070676405
196 185.09477354050443
200 181.55532151381738
204 178.10714630008957
208 175.1784062212754
212 171.05047021093128
220 161.13403490115687
