56 188.0661716339223
60 190.40454702433783
64 193.0160078925281
68 195.48081503125863
72 197.83233164853894
76 199.7338962410555
80 201.57614496640585
84 203.23201139151632
88 204.58848118365046
92 206.0260803597652
96 207.32719780349913
100 208.3178780696563
104 209.22489716977998
112 210.53205102280992
116 211.0267787693979
120 211.48304907077997
124 211.6438106957077
128 211.4852174599048
132 211.16059388294286
136 210.79726029511212
140 210.41007036544318
144 209.88174229278277
148 209.21381752329467
152 208.3009430116542
156 207.11423576639214
160 205.76033227140562
164 204.3155245170955
168 202.67661998657331
172 200.95211590368973
176 199.17646932108744
180 196.8446979676898
184 194.31043716371894
188 191.58680064691214
192 188.90405390676528
196 185.551808694239
200 182.15121844064703
204 178.37118260269358
208 174.54473965066717
212 170.8842542301228
216 166.06478264354303
220 162.46290176927337
