60 188.97277423816564
64 191.9914318860574
68 194.77164588074868
72 196.78518922645515
76 198.73050305798662
80 200.5029454754862
84 202.29277823952378
88 203.83529431729994
92 205.13173923848262
96 206.18800856935704
100 207.14787496175026
104 208.13834893464067
108 209.06235739788778
112 209.6286019902335
116 210.16685930353088
120 210.46838144228963
124 210.57998207550594
128 210.6339476367446
132 210.45183254611578
136 210.24699612457061
140 209.78123298756532
144 209.3039519058355
148 208.6653455259731
152 207.9233187214711
156 206.9773052590526
160 205.66093095131794
164 204.17946525425015
168 202.71612213483536
172 200.9441230302591
176 199.1065340012205
180 196.68878648246417
184 194.3516804093057
188 191.8156492078026
192 188.9528358815951
196 185.64920774004023
200 182.23743931122206
204 178.68489621857407
208 175.02711683772668
212 171.38135287963772
216 166.21323865473903
220 159.64114499510393
