56 188.5244992139235
60 191.08365025965477
64 193.8805289594998
68 196.2741062794783
72 198.4574387314359
76 200.33822952340734
80 202.13034666749272
84 203.87260894020977
88 205.32275261564862
92 206.52714787828006
96 207.67566079972664
100 208.91828624591983
108 210.4774232199194
112 211.1618718448616
116 211.67473178461935
120 211.84702720203117
124 211.98449325154223
128 211.98116062532688
132 211.93656350200712
136 211.56464644916622
140 211.0244492107931
144 210.29450185247492
148 209.58465776442551
152 208.547361879539
156 207.56902886763112
160 206.40308762544453
164 204.98118908582111
168 203.41463183462886
172 201.6735937794079
176 199.66587430074674
180 197.2702536940381
184 194.63286474453193
188 191.97404590257426
192 189.2436722333345
196 186.12505718009942
200 182.31449592250746
204 178.88894259294122
208 175.66574324254316
212 171.9336238889381
216 167.88737992814038
220 162.0909658547418
