60 189.88911288166912
64 193.40841018159153
68 195.76435887056905
72 197.81607981430494
76 199.6756297364215
80 201.53300421775432
84 203.17766881549926
88 204.7424466745623
92 206.18509743929778
96 207.487017220837
100 208.5255702851148
104 209.4469442289103
108 210.1278160697347
112 210.65928900398265
116 211.17688836035796
120 211.4854553743399
124 211.8436833418593
128 211.82892737314648
132 211.54581428019037
136 211.2261570101993
140 210.80187254201152
144 210.3011238447688
148 209.7208649013367
152 208.7418488092319
156 207.71478288590706
160 206.49131155184247
164 205.04927303855794
168 203.43946167749692
172 201.6558139417995
176 199.78360135381763
180 197.6637068122409
184 195.17872117268305
188 192.514356412229
192 189.61256784730858
196 186.35029939047615
200 183.1400450567371
204 179.94704948377847
208 176.19239684822352
212 172.2834516523942
216 168.18421046458025
220 163.6572248611092
