56 188.06569175684353
60 190.1130888938937
64 192.6692593123452
68 195.01426643918268
72 197.0370498076834
76 199.03865975614997
80 200.87837064834068
84 202.50949830491345
88 204.11665379451685
92 205.4971439533015
96 206.6465110025291
100 207.69338846603424
104 208.73188667844676
108 209.53816217935474
112 210.19989842582595
116 210.50466744206216
120 210.6026073519483
124 210.52967447933227
128 210.56953878588837
132 210.5445137206666
136 210.34786043002907
144 209.45577160341404
148 208.8678421805929
152 208.11366880373998
156 207.13196707696483
160 205.7556881727915
164 204.3046068321014
168 202.77876044033943
172 201.10156662760943
176 199.2417203416654
180 196.78087287896847
184 194.12113455754795
188 191.35592407046826
192 188.73882305793546
196 185.70785850028196
200 182.25681673434832
204 178.76672457199942
208 175.11071710466805
212 171.09851439077033
216 166.91009712265188
220 162.729778134457
