56 188.46807287062003
60 190.94779984877732
64 193.7323883728465
68 196.0767581221853
72 198.35905551495784
76 200.26293432171093
80 201.9384433639055
84 203.5795618319254
88 205.01269978213654
92 206.3041164983021
96 207.5771578291731
100 208.7234644393332
104 209.68460211375984
108 210.37267896859822
112 211.0112234793232
116 211.38555216751405
120 211.71405915443503
124 211.84677369860904
128 211.91798087918153
132 211.69641962191264
136 211.30964780519932
140 210.7232220351789
148 209.23794816311738
152 208.32252577047294
156 207.41836774144494
160 206.22819631619691
164 204.80840945974867
168 203.29831101597472
172 201.43115934250483
176 199.47818147360144
180 197.247196803492
184 194.72793970938787
188 192.07100853869684
192 189.26942820049578
196 186.12669903306693
200 182.73229889348104
204 179.31663362533482
208 175.6409421830475
212 171.55531196457258
216 166.7408757256096
220 161.73558514923639
