56 188.02286281618672
60 190.73120595765147
64 193.3928408397112
68 195.68565895099914
72 197.83275851718042
76 199.77735803357004
80 201.6507583883074
84 203.282773746596
88 204.6690846776267
96 207.23901656979
100 208.2600019343273
104 209.218822899011
108 209.84301830967536
112 210.4159921774039
116 210.7689120818366
120 211.2142356267943
124 211.41774327733586
128 211.4304133860137
132 211.17075771242702
136 210.82537805375847
140 210.38850743516116
144 209.839561511215
148 209.26162500854286
152 208.47996780826563
156 207.41155978546865
160 206.0824465363381
164 204.5727478945447
168 202.98145667372188
172 201.14785227211638
176 199.22354375969928
180 196.83707307707078
184 194.38840815055045
188 191.94132935392872
192 189.22755788182815
196 186.09718646586538
200 182.62413889768322
204 179.01703803096046
208 175.5060337115376
212 171.88262750304264
216 167.31507783221528
220 162.58333534870215
224 160.32396192785745
