56 188.4808966478547
60 190.6248258085045
64 193.45567089668276
68 195.98779908149373
72 198.318578011319
76 200.21121290159667
80 201.96432916158935
84 203.4873657363899
88 204.8406256073419
92 206.13269017254962
96 207.46119247691058
100 208.54504419855084
104 209.4935232272051
108 210.13779995892497
112 210.71760821059976
116 211.2590750904808
120 211.58070498335425
124 211.81727353804894
128 211.6524395952955
132 211.35304320777632
136 210.94249240312035
140 210.49097716709085
148 209.27705663284348
152 208.33734960729726
156 207.20498789531206
164 204.56805895858446
168 202.94506192532978
172 201.20720293854694
176 199.29382205370968
180 196.87682778883956
184 194.34755982233563
188 191.7334366345027
192 189.04559347787676
196 186.05937051962616
200 182.49809963007903
204 179.05835025652857
208 175.4787796393983
212 171.36066983937098
216 166.47876127450036
220 161.60822909917903
