56 187.62764288811664
60 189.47148702765747
64 192.39334958787208
68 194.91575524040243
72 197.0425667604861
76 198.96181829136458
80 200.80069518625834
84 202.36658398182837
88 203.90780412879886
92 205.24534680664632
96 206.4005851787568
100 207.4580409996748
104 208.41368073484102
108 209.12755643542087
112 209.68654694221132
116 210.14589548465844
120 210.38365285727724
124 210.48229541569984
128 210.6054511922465
132 210.42669907276633
140 209.67940972707447
144 209.19896144075278
148 208.47671350686142
152 207.50764390108912
156 206.4015716547641
160 205.0905220985249
164 203.7369643683567
168 202.1675709081953
172 200.43474607034415
176 198.60360364262087
180 196.22663478998587
184 193.67346372653833
188 191.11472330924315
192 188.12839588565078
196 184.87009968530978
200 181.4526929528376
204 177.9808169845711
208 174.3448960966802
212 170.4780769018248
216 166.10170969027013
220 158.54277262250793
