56 188.02110043346897
60 190.242021331953
64 193.10554352614778
68 195.47549454210372
72 197.37586750369843
76 199.21492612803206
80 200.86375943521253
84 202.6422715059025
88 204.35852726683777
92 205.7875047183588
96 206.8979204807208
100 207.7718719303133
104 208.7434872812681
108 209.5182109396369
116 210.31824341437107
120 210.48816134810784
124 210.57286140363516
128 210.65396242176024
132 210.45925488960796
140 209.5720230289255
144 208.87622111710596
148 208.25678825974492
152 207.5253306535518
156 206.43129401476324
160 205.01114800723428
164 203.5505693516018
168 201.84022795274785
172 199.98754778503977
176 198.0150848798805
180 195.86607344032626
184 193.32192532647792
188 190.51424039403625
192 187.72155714716195
196 184.51761582370594
200 181.2007970269185
204 177.77847583735132
208 174.31995771592966
212 170.5672233945873
216 163.5458750734275
220 159.98455701045378
