56 187.96805280408608
60 190.04126579815966
64 192.69036965422157
68 194.8822888508452
72 197.00452287672442
76 198.87129533058032
80 200.7080740002907
84 202.57631529967406
88 204.23135302119502
92 205.5170224872696
96 206.5005303967564
100 207.54333411462943
104 208.55312073923153
108 209.15612165764378
112 209.73897363514652
116 210.20031966189464
120 210.4050586744689
124 210.5100798244569
128 210.60053129224144
132 210.41576068879615
140 209.43769163650688
144 208.82556299041215
148 208.16710512362098
152 207.31693196433054
156 206.2085282560936
160 204.93535781439186
164 203.6054136731765
168 201.8266528033272
172 200.00249903109676
176 198.07782531763402
180 195.82390940402092
184 193.36314797794032
188 190.54450737233373
192 187.6758747890413
196 184.58933812348164
200 181.2295110143296
204 177.3844728400147
208 173.82617177091663
212 170.11949737529875
216 166.06942499990248
