56 188.00237848036014
60 189.81586447798156
64 192.73606204028454
68 195.21485989578997
72 197.30060836513718
76 199.0531796420553
80 200.78478844869682
84 202.49086618010114
88 204.15003911482054
92 205.55857320601086
96 206.62933173557434
100 207.58294185485227
104 208.56077533860864
108 209.19328414776416
112 209.72908923716298
116 210.24368476487166
120 210.5047505142138
124 210.55378611929711
128 210.58198576092056
132 210.34262771396564
140 209.42490850738182
144 208.99808955292164
148 208.29017695237516
152 207.34113850486344
156 206.25135021123316
160 205.0037475144476
164 203.6233152439999
168 202.09452126154588
172 200.29184714273737
176 198.44805283906635
180 196.1525438683055
184 193.48092133477536
188 190.65981543921455
192 187.78390582983883
196 184.72889535642355
200 181.22868101310002
204 177.7392016223449
208 174.32490266118072
212 170.18664354471238
220 158.2912264402001
