56 188.04655875520285
60 190.25892708211342
64 192.996565852662
68 195.33936109024452
72 197.34145948597748
76 199.11899656225808
80 200.8754947252594
84 202.66144128770182
88 204.23262043246532
92 205.48070997242607
96 206.55093044703227
100 207.40657460804238
104 208.34300614407587
108 209.0150753431373
112 209.57989707468613
120 210.4222504524172
124 210.5404680998314
128 210.465388907981
132 210.24075013565334
136 209.69532030934326
140 209.21951506190356
144 208.74583305120944
148 208.15989722753557
152 207.3223565142404
156 206.29643911025653
160 204.9924598121003
164 203.51229415712424
168 201.77285216244164
172 199.98198971193017
176 198.0673878007061
180 195.86958181714493
184 193.31865576403283
188 190.44768308001653
192 187.47770469427041
196 184.3668176023926
200 180.89982071559072
204 177.59376519825148
208 173.98600444680113
212 169.82051057830859
216 165.24935757350144
220 158.3480065491087
