56 188.2702803200711
60 190.64259131135415
64 193.210958928904
68 195.60814383328767
72 197.5172241172428
76 199.38332035730906
80 201.15133776225196
84 203.01859684535208
88 204.5141748811206
92 205.81725916598396
96 206.91046318987964
100 207.83846108235167
104 208.78144485440265
108 209.4814825258483
116 210.41390442084113
120 210.5199014311413
124 210.57240602388282
128 210.61467456596972
132 210.43111251100646
136 210.17255707610593
140 209.6243473807603
144 209.01222746575874
148 208.49167778952437
152 207.60796844556592
156 206.53507061108306
160 205.13310402446498
164 203.6537779354067
168 201.96982753107136
172 200.27925636279798
176 198.37256915282987
180 195.8463270633609
184 193.34899467048035
188 190.6268341753926
192 187.75012948253942
196 184.28027769893032
200 180.9019381372675
204 177.54627665528787
208 173.81565593374205
212 170.247122007866
216 167.07153811818182
220 159.63073821364299
