56 188.0638270759885
60 190.1155753700183
64 192.81182373085124
68 195.34417078050734
72 197.4214453857894
76 199.31052524589109
80 200.97533910242163
84 202.7235951214426
88 204.207616703462
92 205.50972847278865
96 206.6220298408182
100 207.5743233179915
104 208.5917427703523
108 209.31772897160482
116 210.31525835477083
120 210.50144598568386
124 210.5330268369082
128 210.59529036823864
132 210.46616308507842
136 210.26891233208767
144 209.39427522811923
148 208.74945655541396
152 207.87097354333804
156 206.78752114615648
160 205.41064267043097
164 203.89769591411803
168 202.29377150150302
172 200.35647288035148
176 198.39665625666237
180 196.15680923603435
184 193.55063603633147
188 190.65977180178277
192 187.75355985966868
196 184.85074287555062
200 181.70953945240007
204 178.13785072701927
208 174.1243529930328
212 170.4485025206609
216 166.24743902722207
220 160.15127477074194
