56 187.49114728665944
60 189.9816061332204
64 192.88875346308896
68 195.58320083410553
72 197.66244464358095
76 199.5812647914198
80 201.18340027428474
84 202.82408390980646
88 204.28983470937152
92 205.5200762553318
96 206.70665625680112
100 207.82169129961656
104 208.80168319676554
108 209.4784776189077
116 210.28185638738785
120 210.4286802324624
124 210.5077612492048
128 210.58187035808598
132 210.42030703772235
144 209.24046186588993
148 208.4772801940145
152 207.49415981737903
156 206.37065598307416
160 205.06535410707374
164 203.7592024343725
168 202.20759221059325
172 200.46401608094743
176 198.5173604080607
180 196.12217605275475
184 193.68507453566951
188 191.09034052344776
192 188.24409609888622
196 185.17339723944673
200 181.43389474993245
204 177.73886526496
208 174.024538675943
212 169.95908706782373
220 159.29835394389153
