56 188.16868368041037
60 190.01169962432346
64 192.90082589548766
68 195.38287351414536
72 197.4152506170319
76 199.23557489928945
80 200.95891437917146
84 202.66259475715367
88 204.2364579579113
92 205.5998196726564
96 206.65078852756372
100 207.61767226207593
104 208.6004114286037
108 209.3371842806936
116 210.25235657403147
120 210.40598248991543
124 210.40955746451976
128 210.53317434721117
132 210.41013106593874
140 209.7996338669991
144 209.34088731872788
148 208.70188785154116
152 207.8709990623808
156 206.81444442778263
160 205.58915492932687
164 204.11979082670172
168 202.60880766038184
172 200.79632087074015
176 198.86928333722608
180 196.44010367615252
184 193.73364904257244
188 191.04295918992855
192 188.27772026648256
196 185.2173773977825
200 181.79688575029354
204 178.3935687629617
208 174.7886943497956
212 171.08959043724354
216 166.85317030692363
220 161.7602265194733
