56 187.33668661847696
60 189.8827814581362
64 192.71940005570684
68 195.21741918347743
72 197.15563890157657
76 199.0321066619931
80 200.94716325502486
84 202.6935682285319
88 204.2434551051175
92 205.68027748469208
96 206.76673860279232
100 207.6749016686606
104 208.46764160051845
108 209.14499797317896
112 209.62734989272758
120 210.37755951930336
124 210.5203677351424
128 210.5260189153351
132 210.30589137793345
140 209.36818918957613
144 208.7954055853098
148 208.11016167687274
152 207.10454000853227
160 204.70403164070163
164 203.29217391660325
168 201.68202581232768
172 199.89559548195172
176 197.78065441278454
180 195.40645630370557
184 193.05469872790482
188 190.38124988338888
192 187.34434208767954
196 184.27152816379765
200 180.9674459060504
204 177.4613988263706
208 173.73748295030558
212 169.85059244143315
220 157.4385713342715
