56 188.63029572722462
60 191.01104495320305
64 193.7334453648105
68 196.05122763415724
72 198.15239141766125
76 200.11137419997843
80 201.95501926863685
84 203.5294054191461
88 204.89832199249287
96 207.1348691217305
100 208.15908363435187
104 209.21479359231398
108 209.93793789444328
112 210.6106525858997
116 211.10241920029077
120 211.34615181912542
124 211.29391992190355
128 211.05898482485338
132 210.72672725728975
136 210.44969945694754
140 210.1634532463206
144 209.5269159628445
148 208.81606018619152
152 207.90951127033173
156 206.83250898427332
160 205.7445059754985
164 204.3773009799355
168 202.68056935700355
172 200.80563113963763
176 199.022846163689
180 196.63232949245312
184 193.97658207338262
188 191.26412334423446
192 188.47401383225707
196 185.301466519651
200 181.97610055131815
204 178.09914999119752
208 173.928927227778
212 170.38734736704555
216 166.99952963506323
220 160.77399893220013
