56 188.0849082169816
60 190.63784117630314
64 193.42036252442455
68 195.7746943084884
72 197.7995137552831
76 199.82829107345788
80 201.72429581328316
84 203.47356760157234
88 204.8216349374597
92 205.94376977769537
96 207.10616604797906
100 208.13918727982548
104 209.03697473580254
108 209.65870547173805
112 210.33360726930087
116 210.68965896021626
120 210.93899493444445
124 210.94165872773314
128 210.88862729945376
132 210.70710936998228
136 210.4538096254463
144 209.33653359471631
148 208.56777526012803
152 207.61846586624307
156 206.55393901795608
160 205.36994975461303
164 203.96379910785274
168 202.4201087940506
172 200.74543576369834
176 198.70409680842818
180 196.28823599270484
184 193.8063335362071
188 191.03617639119318
192 187.95532532749064
196 184.75811871871153
200 181.50147399290114
204 178.09926931758253
208 174.00319645069237
212 170.21373583800403
216 166.22549877922995
220 162.4058714395134
