60 189.748927010984
64 193.0245736561371
68 195.57357207409518
72 197.46450373013022
76 199.1230942563298
80 200.87096131456286
84 202.6434310587266
88 204.19124668582174
92 205.50497853743255
96 206.56893234814942
100 207.45283401331065
104 208.42511365154556
108 209.15371105792897
112 209.61919265461987
120 210.41155294466643
124 210.53908683711128
128 210.43269297878322
132 210.19267719994252
136 209.73241652754615
140 209.1933435486533
144 208.70366769443697
148 208.0789626888357
152 207.16799976719807
160 204.72996832335855
164 203.2538483696515
168 201.68379416072375
172 199.98250297057257
176 198.1489466469847
180 195.93244882098185
184 193.41050699340087
188 190.43551180043642
192 187.44956060795352
196 184.22947697050117
200 180.66867139539949
204 177.02318708015457
208 173.23224546707638
212 169.08632184484713
216 163.7799221469861
220 158.9200963606185
