56 187.94843688170693
60 189.96603203585218
64 192.70935486749323
68 195.02658116394872
72 197.12892989134696
76 199.02752601150513
80 200.7419808943317
84 202.58892870516289
88 204.0415373277716
92 205.36755618455334
96 206.5103746849162
100 207.59383574415804
104 208.39401564527003
108 209.02097504261104
112 209.4780311811948
120 210.28536412183468
124 210.4464580926965
128 210.56575331488224
132 210.29450170181343
140 209.5002829476357
144 208.92207418806535
148 208.14040017254592
152 207.115152183595
160 204.6769950027585
164 203.2335050279524
168 201.5576203324591
172 199.87418689464386
176 197.9302021966201
180 195.84237774198405
184 193.24684910637203
188 190.48270329713282
192 187.61997364409623
196 184.24601078942152
200 180.620016992371
204 176.95388614700886
208 173.1035171963171
212 168.44045445913002
220 158.4912321851844
