56 188.6380390649705
60 191.15432792843654
64 193.72509877031945
68 196.22692029917476
72 198.5457831726639
76 200.45029850903666
80 202.26217580761912
84 203.89612680799746
88 205.36097504659062
92 206.706421175634
96 207.76122240299804
100 208.6513687447902
104 209.6014154316385
108 210.4084537901685
112 211.04036657835658
116 211.5514496289167
120 211.85301154146904
124 211.84017521481996
128 211.62287791087172
132 211.3379638852958
136 210.94378863727846
140 210.41234747126393
144 209.7335482061485
148 208.91539208312574
152 208.05371469018712
156 206.99002672822758
160 205.6923489346775
164 204.12746492145567
168 202.3970062474163
172 200.55562819504632
176 198.70748120881436
180 196.41923484411515
184 193.89557113684506
188 191.07923437006195
192 188.04481585685465
196 184.82682375445694
200 181.4488400879613
204 178.19703781419304
208 174.43556266944555
212 170.6676482705915
216 167.34707154836934
220 160.86260501902404
