56 188.44537732267838
60 190.67785390489558
64 193.18563669131237
68 195.4122193798156
72 197.30898198065503
76 199.0261581919618
80 200.8322737032952
84 202.68051582827206
88 204.24322239843985
92 205.4647878599339
96 206.62469212885009
100 207.6604854252813
104 208.60035371522278
108 209.24814628935488
112 209.71291818066172
120 210.4257215747556
124 210.5333686090861
128 210.514481932162
132 210.28247243334317
140 209.3470454982854
144 208.84788246053537
148 208.145157963661
152 207.24180130566447
156 206.16745390603205
160 204.93204388686365
164 203.58837680980795
168 201.9736990059729
172 200.19194863309139
176 198.39672575680777
180 196.12022893312692
184 193.61862005750663
188 190.92764674789373
192 187.93758638030158
196 184.52428890963077
200 180.9723911086564
204 177.76274927095477
208 173.8893700451829
212 169.6696541390797
216 165.86606557486448
220 161.79229201576683
