56 188.04545864093762
60 190.5931251987979
64 193.20117923212845
68 195.53226937697934
72 197.47398278047305
76 199.3780880713335
80 201.1294866245307
84 202.87103126878245
88 204.47903095438622
92 205.81218428987088
96 207.02912169605253
100 207.98670030980517
104 208.88797057710087
108 209.48408109443503
116 210.43993095323793
120 210.58508218017963
124 210.5414190428336
128 210.63208356249575
132 210.51535138750762
136 210.35337262389123
144 209.34165430374787
148 208.66731248738398
152 207.87821477906746
156 206.80341542980113
160 205.26258009568843
164 203.83756211108076
168 202.27869129762914
172 200.45776570271244
176 198.61726814355103
180 196.39575070540153
184 193.92932510719518
188 191.04066818906688
192 188.0412520230356
196 184.59014601148672
200 180.97804176656706
204 177.35697706796302
208 173.81467591324738
212 170.11143060471093
216 166.05042723169333
220 161.3213681455842
