48 183.71669826811427
52 186.06967978135737
56 188.98182937771497
60 191.68356252283243
64 194.40626300366097
68 196.7709703278013
72 198.9203457543344
76 200.84828073933625
80 202.7709670386528
84 204.5308937988717
88 206.27516798020594
92 207.6456662459513
96 208.93347225411458
104 211.01635914638783
108 211.80693110046133
112 212.51581350238848
116 212.79455798959458
120 213.2134816827252
124 213.63136426855505
128 213.70338142986924
132 213.3383050325248
136 212.94965282856074
140 212.6914664554151
144 212.08793751038598
148 211.54742151831613
152 210.80375367069257
160 208.91104978002627
164 207.7998538698845
168 206.43525285308073
172 204.89576425519206
176 203.10284087294514
180 200.99046733877475
184 198.56918625689985
188 195.90952041040913
192 193.244813031658
196 190.3944751363038
200 187.4888606742311
204 184.40670784054998
208 181.22084539658573
212 177.9041524050059
216 174.21956181702308
220 170.6445022290123
224 166.62102564948813
