36 184.44386480467873
40 187.4208494967728
44 190.50621707133635
48 193.10265759773867
52 195.49378145734676
56 197.70412161258201
60 199.79920784380883
64 201.71960626278815
68 203.43905188195072
72 205.0615382337072
76 206.63145178595255
80 207.9107125507045
84 209.07953660613094
88 210.1739987793636
92 211.01556026441827
96 211.3785316725904
100 211.75747366147
104 212.01479931467603
108 212.10371500350524
112 212.18189337272935
116 212.07878673814292
120 211.9751407277916
124 211.5884183060582
128 210.99711163223736
132 210.33520277107533
136 209.43217179394284
140 208.4331469222575
144 207.41337340752224
152 204.6886615558057
156 203.2067400285464
160 201.43629333318398
164 199.43988306014384
168 196.95141137611677
172 194.22799205896933
176 191.56851726252037
180 188.65616174937162
184 185.63884915339463
188 182.48406577243685
192 179.07011367426185
196 175.46951084720732
200 171.6743104073506
204 167.12435004577972
