60 184.9957945447381
64 187.6781993567535
68 190.72177567266434
72 193.41206708153697
76 195.83712376723176
80 198.31666317193105
84 200.69272187949898
88 202.81556794726157
92 204.60435756876646
96 206.3718005823725
100 207.8037951440266
104 209.2225507174731
108 210.32587756658972
112 211.21730337000957
116 211.98068946403345
120 212.6550078859009
124 213.18967883958982
128 213.47074572486534
132 213.7829077936338
144 213.63144159228688
148 213.2691675385698
152 212.7730453393798
156 212.06449162130124
160 211.19137838705402
164 210.18999274550737
168 209.00403675839306
172 207.90862665124016
176 206.39980076007578
180 204.74395546558844
184 202.8905576266802
188 200.74998112662593
192 198.52500968269163
196 196.15885921619955
200 193.61306103359095
204 190.71109814532943
208 187.55801020736465
212 184.52073218838837
216 181.1444557510133
220 177.68385486508532
224 174.10849646313363
228 170.4939396901337
232 166.74592639172357
