48 192.95411109036627
52 194.66365218257556
56 196.65332134575118
60 198.66301318475792
64 200.63145753825026
68 202.41803678170385
72 204.08912916728133
76 205.56797616621463
80 206.69033358546568
84 207.4693074562794
88 208.28230241258157
92 209.12739239438613
96 209.70866612512782
100 210.27994083162582
104 210.51584442582242
108 210.57517794177284
112 210.49560010014596
116 210.383312424119
124 209.50699831485178
128 208.84350567086057
132 208.28999647255858
136 207.53034517386504
140 206.37819934113833
144 204.98421168950608
148 203.7534239060701
152 202.38843815484375
156 200.8129331316972
160 199.01117118388402
164 196.8833375173828
168 194.67307766917617
172 191.9913635044802
176 189.03035186057463
180 186.12431105964103
184 182.9276829761846
188 179.19308755197832
192 175.67545862957542
196 172.0281145591805
200 168.1498997559586
204 164.13436209581067
208 161.61727772002712
