60 185.36840029602882
64 187.8695022530456
68 190.8812646472907
72 193.66020220053824
76 196.23885283101194
80 198.55902187374232
84 200.71388450613674
88 202.82590745165686
92 204.72909490793586
96 206.4925560497826
100 207.88657779592563
104 209.13416311900085
112 211.10159065618626
116 211.899304746688
120 212.7206942535923
124 213.23744850861033
128 213.56189749808647
144 213.77396318969394
148 213.46504912105274
152 212.8811577455628
156 212.13940450553432
160 211.23510592938206
164 210.25807013908633
168 208.9691716557282
172 207.68883889582852
176 206.21666731572193
180 204.51813281046296
184 202.60322888882325
188 200.5903398909222
192 198.4343997705948
196 196.08345837651638
200 193.45685394103586
204 190.74664964915297
208 187.7322915129465
212 184.39287008099942
216 180.84182782252174
220 177.09997212951745
224 173.56041567221365
228 169.843968561581
232 166.18897606854455
