40 187.45464338638482
44 190.37483945731987
48 192.82266650515908
52 195.20422192898954
56 197.41841835487784
60 199.5230284184366
64 201.45560849269273
68 203.21637809384708
72 204.85632893005172
76 206.19095484138657
80 207.5294555835331
84 208.73796820391428
88 209.80346470828223
92 210.54087188192432
96 211.10611286076744
100 211.58997678471806
104 211.77913253405114
108 211.9397783830904
112 211.91872576337647
116 211.78728316021602
120 211.55459313721383
124 211.21229365109417
128 210.71714445337702
136 209.05240889256817
140 208.0703093519558
144 206.91762832780813
148 205.4749820597013
152 203.84750933744095
156 202.37910667177144
160 200.6788058867093
164 198.70511181471093
168 196.1516553492805
172 193.60546322170086
176 191.0105567989953
180 187.97720824938816
184 184.27400251829988
188 180.9583486225563
192 177.6852339189594
196 174.13839241541302
200 170.3496870719456
204 166.3706495148421
208 162.99543293540353
