36 183.41371676283188
40 185.49740034014727
44 188.1293151928005
48 190.7630434920137
52 193.28274596676752
56 195.80992466031293
60 198.19416649885727
64 200.35587194162304
68 202.29345349374418
72 204.17556280412862
76 206.04986468246028
80 207.55451441822575
84 208.83264482298404
88 209.88990556618927
92 210.69870397915372
96 211.23255131563303
100 211.75240653881278
104 212.2689566027365
108 212.57421623506195
112 212.82351731813748
116 212.79580285659108
120 212.60053803675396
124 212.3192256160789
128 211.93575065507878
132 211.4434634796914
136 210.8109255486901
140 210.12008904784483
144 209.18635704513602
148 208.11848621763733
152 206.74997250093557
156 205.32848890895934
160 203.72810939565883
164 201.90731406437496
168 199.8603817940214
172 197.58139051048812
176 195.04890973975154
180 192.29917374878494
184 189.437497454477
188 186.38673493028296
192 183.32796330609966
196 179.847671056043
200 175.8095504261588
204 172.3814766809633
208 168.69055561026366
212 165.70175966002887
