88 205.04611913498752
92 205.40726119831422
96 205.78436519596363
116 205.71072333404103
120 205.26363626410517
124 204.66912749471487
128 203.8709656168881
132 203.15759170949792
136 202.1479210499583
140 200.99871268109058
144 199.6551330347599
148 198.1597328492837
152 196.6255846936348
156 194.853746403746
160 192.69324875812634
164 190.4379112291652
168 187.85842664750584
172 185.1145941181564
176 182.31620101145276
180 179.29826089564835
184 175.5558563756892
188 171.9005911158685
192 168.3461125070713
196 164.5605237161618
200 160.53413440833677
204 157.15567716426656
208 154.3360013013342
