56 184.3080718101001
60 186.54701245547545
64 189.3621165041381
68 192.11954741634943
72 194.49254637395313
76 196.6282466861723
80 198.90538629685858
84 201.0512620890637
88 203.0923804835773
92 204.90008395102464
96 206.50050885128536
100 207.96666194098725
104 209.23285223781798
108 210.35828343061297
112 211.3196963588345
116 212.06925942582865
120 212.66711751142324
124 212.98394705529995
128 213.18564341444048
132 213.51273957506078
136 213.72960284819902
140 213.71428712248874
144 213.41851836235807
148 212.97410855913975
152 212.41145493957228
156 211.6620682223359
160 210.83757382967644
164 209.80359487234043
168 208.53044176396057
172 207.16910985550882
176 205.6134389777169
180 203.7863882351646
184 201.88987535893366
188 199.7850460616175
192 197.46390489762516
196 195.05668229239825
200 192.17637741504433
204 189.10431602320256
208 186.04027000878253
212 182.8424886328762
216 179.48565762873818
220 175.7501194419829
224 172.1032503658567
228 168.24800775732047
232 164.9018251391343
