60 185.766091448429
64 188.23381456763107
68 191.0368524169035
72 193.68963482684612
76 196.19932270107117
80 198.48117266843354
84 200.6289714518425
88 202.65366984527554
92 204.5414397325131
96 206.45420432541863
100 207.90934300657554
104 209.36269431571824
108 210.36700316583946
112 211.4006248938006
116 212.15522347251172
120 212.7337388357634
124 213.23324048550776
128 213.60538518056234
148 213.6348592438588
152 213.2848957657488
156 212.62072747698085
160 211.80334007132353
164 210.93945218034307
168 209.57934725465762
172 208.11439383468536
176 206.5591537994652
180 204.86117396280522
184 203.11908173899195
188 201.07157609572062
192 198.97974078141442
196 196.5797280722851
200 193.86583104911134
204 190.9720638692889
208 187.97422016172638
212 184.9581547296762
216 181.73814537064544
220 178.2670337471685
224 174.34001520009502
228 170.57205791621632
232 166.54768071270445
