60 185.38459002478018
64 187.8255655436003
68 191.07026642618223
72 193.95580699849776
76 196.41866079587308
80 198.6157537666357
84 200.7292407846494
88 202.82013559250169
92 204.69097097372543
96 206.51008826379942
100 208.14386346841874
104 209.53409596286903
108 210.69889431514744
112 211.7063958564435
116 212.5452501346789
120 213.1057591978616
124 213.5228859318979
128 213.84341200756552
136 214.20609513309049
140 214.15860946255845
148 213.7145911467981
152 213.3502965228966
156 212.7016514801861
160 211.92789216114784
164 210.9993964417824
168 209.73024781454004
172 208.40242034161855
176 207.1364461476456
180 205.2869158104585
184 203.29519865356176
188 201.23027646192693
192 199.1293252008116
196 196.59318936751552
200 193.66337947700714
204 190.9008659805338
208 188.04581917816853
212 185.0092830405908
216 181.8478859413981
220 178.52929329116938
224 174.66200685217527
228 170.5644815921179
232 166.87976733051013
