60 184.9512119613325
64 187.31549420443903
68 190.20418552756058
72 192.8944478982147
76 195.29309668838192
80 197.64491856770667
84 199.95496453803707
88 201.9557924798839
92 203.68544996658977
96 205.3173466274958
100 206.86536309024484
104 208.16260551751003
108 209.457572498432
112 210.43329334737086
116 211.2314191799961
120 212.11767165604573
124 212.67556124178384
128 213.1255466440082
132 213.44418874411178
136 213.59708766096634
140 213.60628223504952
144 213.26934151999123
148 212.83044861446194
152 212.34747128362866
156 211.78077617760863
160 211.002669373185
168 208.89454857581785
172 207.6054669677652
176 206.15889152040617
180 204.49044074396204
184 202.82393721287588
188 200.88941025014805
192 198.74275420378444
196 196.17691859289874
200 193.5643509614112
204 190.95445145498343
208 188.04158993678627
212 184.8607661008155
216 181.60917988768176
220 178.09332567001826
224 174.1702524238181
228 170.5983913004511
232 166.21296289994422
