60 185.10727629145524
64 186.9183791644506
68 189.2963673604956
72 191.8624253286426
76 194.33609679404753
80 196.7494691606135
84 199.0333115424482
88 201.22531200973663
92 203.09297756722208
96 204.7989696230679
100 206.36801565871804
104 207.739065232788
108 208.8705930654699
112 209.84411698044144
116 210.59427070768896
120 211.21351220318405
124 211.98348352153823
128 212.54591925576747
132 212.7803612650558
136 212.81750477490525
140 212.81933654191405
144 212.82470563208193
148 212.64793033581964
152 212.1474408667961
156 211.5746234955145
160 210.75808597947866
164 209.81946727099768
168 208.82235712454087
172 207.64716158661383
176 206.21495154524214
180 204.7275187424898
184 202.84671636370535
188 200.7929055516613
192 198.5277145220259
196 196.05519432292914
200 193.57167471975333
204 190.7301519859529
208 187.76418548417348
212 184.68898744471062
216 181.47064907995883
220 178.13329173777436
224 174.00131799623455
228 170.35492498374543
232 166.4566429273404
236 164.1005921638821
