60 184.71878892002886
64 186.66901266999412
68 189.28549372836642
72 191.84589801172172
76 194.3301379452307
80 196.68214008724408
84 198.95526295319172
88 201.13467016981843
92 203.20315467666646
96 205.0167298613582
100 206.5436987427479
104 207.80826903297344
108 209.0005787604137
116 210.98519033973201
120 211.59087277606244
124 212.0242133280557
128 212.57420621244302
132 212.79478099172115
136 212.91660712742595
140 212.93256768759824
144 212.84956967465314
148 212.5794902668866
152 212.01497696836302
156 211.46273954780702
160 210.66405518170706
164 209.71863334720615
168 208.63414657480564
172 207.41892723799813
176 205.911809107396
180 204.22917315293927
184 202.29200633967127
188 200.35813188526112
192 198.2886803607992
196 195.88407531701023
200 193.36334002364814
204 190.6938851943855
208 187.79805887802488
212 184.68527378356492
216 181.3502501931144
220 177.7551477504771
224 173.9337646087182
228 170.22423456533497
232 165.86252974627814
