60 184.2482451938111
64 186.90768127427856
68 189.99620149956615
72 192.47435746764066
76 194.8359962748769
80 197.12367371164174
84 199.40788873018832
88 201.54332685256986
92 203.47984309320037
96 205.1635062571323
100 206.49219296964168
104 207.87744373030404
108 209.01491505384874
112 210.11355696157628
116 210.93496804937632
120 211.4848066492017
124 212.00721053699817
128 212.45652177432657
132 212.61316711632483
136 212.79605488283752
140 212.80004304334187
144 212.55159785270524
148 212.1382434884402
152 211.60902093736723
156 211.14548648127624
160 210.3823346848215
164 209.38838815571452
168 208.20712943173203
172 206.95556776061497
176 205.4891919761813
180 203.79634765294963
184 201.91061218081438
188 199.90427835912485
192 197.78460114654598
196 195.43596844876808
200 192.73034106644303
204 189.88204216441278
208 186.9802074568791
212 183.72178073055767
216 180.401635511903
220 176.56010680449438
224 172.7003209037041
228 169.11227519465555
232 165.50582382408763
