60 185.15734068692564
64 187.43365542579687
68 189.92720922092502
72 192.52758139756537
76 195.00003185030312
80 197.2180285425821
84 199.4664340049103
88 201.5769187611029
92 203.4414617443964
96 205.00254201628593
100 206.47313622387355
104 207.76244756719908
108 209.00102311261364
112 210.1520833776126
116 211.0287074646539
120 211.774972628591
124 212.38728570710407
128 212.7445530553297
132 213.01052164766156
136 213.0177338261467
140 213.02049468221406
144 212.9039550550653
148 212.7140453123023
152 212.26771610246243
156 211.6066509338983
160 210.85297476054066
168 208.90009775894035
172 207.68185980315153
176 206.23087432664508
180 204.53046494055351
184 202.7279870309004
188 200.66321006459984
192 198.42067616278928
196 195.93352059254892
200 193.4075815364719
204 190.71251189561906
208 187.87191335882363
212 184.61128345570432
216 181.424071460292
220 177.95480927496402
224 174.09473349164517
228 170.5311568772133
232 166.94279959372136
