60 185.5355477336029
64 188.00951282339742
68 190.7165158131895
72 193.34402325706523
76 195.9090755866097
80 198.53253362545664
84 200.81955168422763
88 202.89027930146472
92 204.66574945330228
96 206.33010111531732
100 207.91169979669968
104 209.20851647328465
108 210.31542411346615
112 211.2902538648375
116 212.01760564914278
120 212.64507914829153
124 213.13119446698875
128 213.4996449331413
144 213.74839405098834
148 213.3507003918419
152 212.74628950672508
156 212.0485531115853
160 211.2494892979433
164 210.31320928426757
168 209.02564260109787
172 207.69936690105538
176 206.3039951106456
180 204.84268978849724
184 203.18716156943375
188 201.1018563257857
192 198.83606283936257
196 196.17365616532845
200 193.4344432170438
204 190.3815424350344
208 187.36894442602767
212 184.14252387639647
216 181.15185586977427
220 178.13990057354778
224 174.38847839229243
228 170.52734586612434
232 167.0021084006758
