60 183.35430954974373
64 185.5995103822625
68 188.15421409749354
72 190.75499512695677
76 193.21549581440547
80 195.7770785092279
84 198.26216795987824
88 200.4810824717085
92 202.255255879698
96 203.91364530518968
100 205.36562136495186
104 206.60250839302762
108 207.68669341436538
112 208.68621439889716
116 209.46280573215006
120 210.39507732464838
124 211.00239436242293
128 211.41038963549428
132 211.82696358200272
136 211.98128003421903
140 212.00324757206025
144 211.74382505453164
148 211.38180400026542
152 210.95454937099305
156 210.36477017083803
160 209.55252975162693
164 208.70399091493195
168 207.6923304259804
172 206.44310488159954
176 205.02494131542952
180 203.37211904934014
184 201.51963465067254
188 199.63000603695133
192 197.53883685198775
196 195.07737753402586
200 192.314843608136
204 189.56080653092363
208 186.76042152714058
212 183.82430679929655
216 180.60259306650158
220 177.09637506991692
224 173.17840753302187
228 169.57182667504372
232 166.03195294883798
236 163.30850561295875
