60 184.73703021705387
64 186.22251291656943
68 188.914790956861
72 191.59451564741423
76 194.27298934161166
80 196.61245886775635
84 198.74485703153357
88 200.78436513564918
92 202.55188722475768
96 204.3148045960055
104 207.36632813111055
108 208.39789723737073
112 209.4322297087374
116 210.25040568695468
120 210.9925574018369
124 211.44649853403735
128 211.99684873733815
132 212.33387897525128
136 212.59552643768134
140 212.6332820458848
144 212.35887205601742
148 211.86781080626605
152 211.36048006248555
156 210.8460956184948
160 210.126662746485
164 209.29779464283908
168 208.31532132130832
172 207.1748770941375
176 205.7601919881022
180 204.26653123500577
184 202.3635175805045
188 200.09647122172865
192 197.8893489392236
196 195.56324153562048
200 192.9466626943762
204 190.07028709579777
208 186.9880629110429
212 183.91361809339958
216 180.9421571223669
220 177.7483447865149
224 174.0535008026635
228 170.6062521463682
232 166.61024569670752
