64 184.4334496464043
68 187.3682792855174
72 190.07137840968267
76 192.6846288841562
80 195.2838620437518
84 197.59395423274745
88 199.5350051766063
92 201.21332106333057
96 203.02581340986399
100 204.73520700641902
104 206.11456184807972
108 207.18351013722852
112 208.16540824237185
116 209.07938688695262
124 210.3373120890774
128 210.73374490403074
132 211.15724880377854
136 211.40780805234357
140 211.45298992802176
144 211.29832021182955
148 210.87885211791374
152 210.44359953275148
160 209.14508808901562
164 208.27560583428004
168 207.26685948117333
176 204.67570503456432
180 203.0571553068077
184 201.33493632406874
188 199.45681376299223
192 197.11572062433476
196 194.66551662092402
200 192.0139247440665
204 189.42112491176277
208 186.78604183321647
212 183.67787489314316
216 180.4910136391606
220 176.8935143208269
224 172.76253876057658
228 169.17265503600186
232 165.55641517946202
236 162.33849359938938
