60 183.02089073716763
64 185.44453865152389
68 188.08329278801406
72 190.63289932194624
76 193.09241423133076
80 195.7003467374956
84 198.15788632437165
88 200.30275587428778
92 202.05193925499165
96 203.62462943271782
100 205.12409849898663
104 206.42165233246803
108 207.5705656943423
112 208.63651348597608
116 209.49380583189537
120 210.2902264782146
124 210.90390642718248
128 211.32290929815485
132 211.71978706311364
136 211.92187112640067
140 211.90537645851725
144 211.6529259715523
148 211.2499907122918
152 210.83031685063298
156 210.26790237369738
160 209.55313085321657
164 208.65708433745598
168 207.60430200848543
172 206.4455008278979
176 205.01489683710116
180 203.38917567737462
184 201.60438566056277
188 199.60868728894621
192 197.42234685856295
196 194.9467888558902
200 192.24178485385508
204 189.52842400855735
208 186.76188529456562
212 183.80754531758353
216 180.56624526966175
220 176.77703938276778
224 173.07604171906863
228 169.49189209982694
232 164.92031825141
