60 183.35799379213574
64 185.78742184473296
68 188.57560412160268
72 191.34183093277124
76 194.0962351830309
80 196.58833964454396
84 198.75784986086845
88 200.76336848377863
92 202.62698722806874
96 204.35034389734824
100 205.71334488420757
104 206.88732551324642
108 207.85496144406738
112 208.9085031595147
116 209.86657755212602
120 210.7507405569308
124 211.26664501443463
128 211.78043875860664
132 211.9452294705992
136 212.26870365454735
140 212.2996759362292
144 212.1174485402932
148 211.75439385072102
152 211.24063637241812
156 210.63753698050652
164 209.07436910470753
168 208.03925653827775
172 206.76841039675773
176 205.3050895570859
180 203.72854678505695
184 201.92385565037475
188 199.96533898900054
192 197.7910447705798
196 195.55966888568935
200 193.1067327542504
204 190.30548188463638
208 187.19876926004636
212 183.96606251593715
216 180.5161011385808
220 177.22452176817902
224 173.86638041544424
228 170.23156124777762
232 166.3985196836303
236 162.99627199586092
