60 182.7383995662228
64 185.03778075368697
68 188.04204973918337
72 190.8643555180326
76 193.60449480700845
80 196.01348694832103
84 198.30514900898027
88 200.30526295630415
92 202.13483809446856
96 203.79991784604954
100 205.2994735450103
104 206.4442525947359
108 207.5103410926949
112 208.59192934275174
116 209.55934939593925
120 210.3483535599592
124 210.9186219351698
128 211.43698066300357
132 211.77822038216365
136 211.94950890574574
140 211.91067443825966
144 211.72341099713753
148 211.36889404035543
152 210.79372315977758
156 210.17095143424729
160 209.33723609975377
164 208.49860010585502
168 207.48038659354023
172 206.29299083366362
176 204.9510656317858
180 203.47490393051484
184 201.62762632566924
188 199.51457955077555
192 197.27684549795003
196 194.70319071285326
200 191.8619777236479
204 189.06437136435906
208 186.43947213219957
212 183.47002457069584
216 180.06245267375755
220 176.55773977417
224 172.87403729669848
228 169.28668583551664
232 165.10871871996227
