60 183.30901928260988
64 185.43905379914793
68 188.2453226936101
72 191.0041477437001
76 193.58441522178654
80 196.12174140685636
84 198.41179579627752
88 200.50456755317964
92 202.26000469771716
96 203.89282932322254
100 205.4170876254522
104 206.6676996213799
108 207.77834156746883
112 208.8500040134825
116 209.75763852789524
120 210.44215852471268
124 211.02789950971714
128 211.48362983867457
132 211.89565458508335
136 212.00325062689438
140 212.04383610409633
144 211.9919093085267
148 211.5954460414018
152 211.1968429790761
156 210.65857205672955
164 209.15352894740502
168 208.17654183589303
172 206.98799841255692
176 205.54801024586146
180 203.89659233630704
184 202.11703831458084
188 200.02084612320618
192 197.82563305423037
196 195.46308537059372
200 192.87594868510206
204 190.17468652199864
208 187.38507286260688
212 184.3314484477292
216 180.95211401001643
220 177.42348351848858
224 173.71262563563803
228 169.96834992885044
232 165.76685119738175
