64 184.59747003682628
68 187.36874404969922
72 190.3028306933861
76 193.10728042968944
80 195.7641841069251
84 198.16774998605888
88 200.17512653048493
92 201.96698740582
96 203.63413164003202
100 205.09508325067065
104 206.47443411472182
108 207.62876755097253
112 208.75514646248595
116 209.55834688384851
120 210.36007169520173
124 210.97457995614218
128 211.38235438073283
132 211.69246240806763
136 211.86779708375548
140 211.88047236145593
144 211.70296281917317
148 211.34895037742083
152 210.85879483598904
156 210.27574589364318
160 209.6110759748613
164 208.76935725723695
168 207.72882702274774
172 206.52844749017638
176 204.98162911116722
180 203.25121256086945
184 201.60024308604065
188 199.76718892192315
192 197.59683694957914
196 195.14352353763894
200 192.58013852333158
204 190.01135806680446
208 187.14630545764973
212 183.99215392696982
216 180.71404731047454
220 177.18913172092198
224 173.55545482457524
228 170.11310673992924
232 166.10068891521468
236 163.05829584878353
