60 184.22512234349927
64 186.17059211439272
68 188.57228597230994
72 191.3373605719246
76 193.92911651320068
80 196.3268405469393
84 198.51285441086262
88 200.64468671369565
92 202.61130583023368
96 204.3568085514868
100 205.79870013457042
104 207.00082428373457
108 207.96792070653032
112 209.1690510583104
116 210.1441692215999
120 210.832660520594
124 211.21350509704087
128 211.67037993340705
132 212.03000859978164
136 212.27892321007553
140 212.31603386240948
144 212.1141077378728
148 211.67950447312745
152 211.36816776173578
156 210.89988153587822
160 210.1420606808171
164 209.109758575037
168 208.0949166900562
172 206.97675076139288
176 205.45488067933093
180 203.79152738321133
184 201.9076613122653
188 199.8298086112666
192 197.6569919091594
196 195.37986806108415
200 192.91730236635112
204 190.2096985056117
208 187.20633607039846
212 183.94303669832834
216 180.69383086587487
220 177.42213790571748
224 173.8509001703962
228 170.08861570263332
232 165.94345466190873
236 163.20775182146167
