68 189.2958756591475
72 191.21709097604474
76 193.74122939073746
80 196.30321489412069
84 198.64315230478195
88 200.7263515206918
92 202.5422915630728
96 204.1723362231707
100 205.64264282192298
104 207.0227817753989
108 207.9892210590811
112 209.00891685416505
120 210.86530099156727
124 211.32510674110884
128 211.72006955132832
132 212.0802865943721
136 212.21920090784053
140 212.34863799632603
144 212.30959277449978
148 211.8777408787896
152 211.45337464168207
156 211.12602818613766
160 210.37378603071056
164 209.49602838654914
168 208.43675489369997
172 207.36777012529745
176 205.8824990068911
180 204.14725794937274
184 202.49996287203604
188 200.56323990742857
192 198.38003927155484
196 195.9184001030826
200 193.3006983554444
204 190.42579074689758
208 187.4726380285809
212 184.44716048653615
216 181.32927173994455
220 178.07364830051907
224 174.17607123396107
228 170.42326570224412
232 166.1583266914075
236 162.26993138692433
