68 188.10496059812243
72 190.72452596281065
76 193.48509154770645
80 196.09063845483684
84 198.45056411546005
88 200.56282615909032
92 202.5953654315392
96 204.44622302599998
100 206.0501275045588
104 207.39678769415215
108 208.48752482996605
112 209.50209263568132
116 210.39611990096174
120 211.0087279971652
124 211.5308586069125
128 212.0023572281915
132 212.45569258722526
136 212.63205332691444
140 212.68196839667166
144 212.59571790365814
148 212.38759267404083
152 211.80966914275763
156 211.36187839775766
160 210.71520605850716
168 208.83557444271628
172 207.71601918836916
176 206.4024943010756
180 204.89631283737705
184 203.1718162875915
188 201.13821158071207
192 199.08873651867646
196 196.67651112501702
200 193.9276669771668
204 191.10270540127777
208 188.2303299583685
212 185.2229724876176
216 181.92779258076916
220 178.4051059649745
224 174.25300524862018
228 170.61881368063763
232 165.86525884450447
236 162.73094675616798
