72 190.89601809155624
76 192.9519487999938
80 195.31779202735882
84 197.91126464616605
88 200.08492782161395
92 201.95528364374874
96 203.7210702950215
100 205.1849932524287
104 206.48948213378355
108 207.5592191428313
112 208.5563884383521
116 209.4518785572656
120 210.39252079215916
124 210.9753563488046
128 211.4514917469956
132 211.77254514392405
136 212.00171941794656
140 212.08920224136796
144 212.02381411269664
148 211.76235722910616
152 211.27563459040928
156 210.70840566278105
164 208.9854737361747
168 208.06357218538284
172 206.97553564957764
176 205.67668122427807
180 204.01948084975106
184 202.1882021979995
188 200.0092017944704
192 197.6701559686138
196 195.40496845516847
200 192.88544313454634
204 190.15271337595988
208 187.22314334297909
212 184.17724763999468
216 180.97106626552497
220 177.65047290096123
224 174.12166865392825
228 170.38411145209147
232 165.78504475477084
236 162.33068881153042
