64 187.68739092517944
68 188.7181628771002
72 191.27305686284103
76 193.8490119400326
80 196.47780966139996
84 198.7079859491535
88 200.6765985138862
92 202.574064032887
96 204.39484315532064
104 207.35054285634044
108 208.387793563324
112 209.3197971517976
116 210.2809086235849
120 211.0401945570854
124 211.67076531751405
128 212.18691620963693
132 212.51240400557558
136 212.7264376861191
140 212.78803990826634
144 212.74809041157792
148 212.48661436927068
152 212.03177886369744
156 211.55674650153236
160 211.02369326388472
164 210.20865216608615
168 209.0656106316497
172 207.90540267028052
176 206.56773293746318
180 204.98467322477617
184 203.15611480131102
188 201.16349925105018
192 199.2309356640341
196 196.90734179313108
200 194.20946454195445
204 191.34343589891597
208 188.55328724527806
212 185.54528543190318
216 182.337720832095
220 178.9482008007053
224 175.1977133074676
228 171.13038986120256
232 167.1305472498978
236 163.27983948646065
