64 185.63851113119733
68 187.79951436789577
72 190.6545159538976
76 193.49279926870457
80 195.94299391674414
84 198.22777382928507
88 200.28131129658772
92 202.10018889730304
96 203.6733650599807
100 205.09101899632032
104 206.4232174940285
108 207.60859171083092
112 208.58287498588533
116 209.47904871498775
120 210.18681954103175
124 210.72738992518947
128 211.23676811727617
132 211.6813966982791
136 211.76568314793587
140 211.6905632797121
144 211.47248201072702
148 211.0567940556664
152 210.5148314630737
160 209.13355744819302
164 208.23680728401794
168 207.08460418741586
172 205.75542174323692
176 204.210706037466
180 202.4950864616819
184 200.69694858676075
188 198.6617150584378
192 196.33784568571423
196 193.93651695486207
200 191.26031803184492
204 188.2824963162624
208 185.35242750486879
212 182.22386319534735
216 178.9124242889842
220 175.41562646082815
224 171.9949777452856
228 168.58266341108458
232 164.19700092085606
