68 187.609427670727
72 189.58175107294682
76 192.3058333681184
80 195.105143161524
84 197.45127278167
88 199.58348632294428
92 201.40302056759353
96 203.19214599206163
100 204.8098745829362
104 206.2330520158551
108 207.40607302653274
112 208.4812829353336
116 209.35556902975532
120 210.15223067352179
124 210.90920585684614
128 211.30780705419835
132 211.69358911815638
136 211.86741888202488
140 211.90955944983378
144 211.77069284428669
148 211.49769516776067
152 211.01125829554485
156 210.37766151923248
160 209.6334098288022
164 208.8517666507609
168 207.93364070827522
172 206.72668109971946
176 205.23331538103906
180 203.6786688851098
184 201.86394713346894
188 199.92626838724655
192 197.82559612490502
196 195.62354757593613
200 193.08580772020764
204 190.30222653482957
208 187.36289146701904
212 184.2819993415473
216 180.8649854363531
220 177.5453473178654
224 174.1663881256535
228 169.90724330967896
232 165.149393172622
236 162.09690514250173
