100 203.3010490397387
104 204.33909699580798
108 205.42729784112433
112 206.2584980784667
116 207.0874703159852
120 207.79176838540891
124 208.25612223333997
128 208.46501077965598
132 208.56965946407175
136 208.56001707040681
140 208.44119488350086
144 208.47398495503901
148 208.24140092914658
152 207.89279443957798
156 207.3895724866295
160 206.74237570842317
164 205.90236687441154
168 204.89533788427798
172 203.72518374163155
176 202.22206633320442
180 200.61323663003805
184 198.86431000528088
188 196.7313426731304
192 194.3884914131103
196 191.73071924505143
200 189.11738308819952
204 186.28553979103472
208 183.3934772137914
212 180.3439776981012
216 176.9594403732505
220 173.31567482538526
224 169.05372539348622
228 164.98178831157628
232 161.05077279899388
236 157.66467596867136
