68 187.74146165015537
72 190.73079099845796
76 193.34618423649536
80 195.86487043517707
84 198.33739150412342
88 200.58486792703076
92 202.50332879707588
96 204.0915306962412
100 205.6372144036267
104 207.14636971016964
108 208.29769436040857
112 209.2905592264128
116 210.33651442980408
120 211.02053774283593
124 211.63073755137233
128 212.09671061405783
132 212.43767876688432
136 212.63163543511473
140 212.74308916295044
144 212.667058070276
148 212.48071195780886
152 212.02814616592792
156 211.51495304237127
160 211.02031944591548
164 210.31860789702628
168 209.2438314810853
172 208.08114122415603
176 206.71083512211663
180 205.1139112499035
184 203.5051507192798
188 201.48934742215943
192 199.26186814923452
196 196.9594541414169
200 194.56305969037328
204 191.81023629252036
208 188.89142317434428
212 185.88841984435822
216 182.71966415515828
220 179.41566423702747
224 175.67887952621362
228 171.86854303831626
232 166.77201586573852
236 163.41744978857164
