68 187.85260624647907
72 190.81069763803706
76 193.38364053136425
80 196.10132910940126
84 198.54401009471866
88 200.5879872862521
92 202.4322380871065
96 204.12007980479675
100 205.5922368269217
104 207.03191497218413
108 208.00695677295354
112 209.1415952865764
116 210.16778204793928
120 210.9461445072905
124 211.54240668961168
128 212.04358962879465
132 212.45852619515017
136 212.7204455296639
140 212.8346787367309
144 212.80297713376638
148 212.38828156731458
152 211.7685870918609
156 211.37286703041258
160 210.76491485067854
168 208.87132797753807
172 207.69165637519893
176 206.4713499073572
180 204.9677476594536
184 203.29090948249998
188 201.20810162889856
192 199.09990079734146
196 196.73280146754539
200 194.19016198179213
204 191.47875471718822
208 188.58590346979852
212 185.42363543253953
216 182.12460628143455
220 178.889487615242
224 175.58214080364672
228 171.87940882013544
232 166.79887313324934
236 163.2544297323946
