64 186.4745217939086
68 188.08859701754068
72 190.82913026973438
76 193.41695775393904
80 196.00196840562273
84 198.36069432855086
88 200.26999722893933
96 203.59602075554835
100 205.09638122139734
104 206.65956911257317
108 207.8448793826844
112 208.94875143080688
120 210.85747818451964
124 211.34789559499518
128 211.7752773726736
132 212.05447188806662
136 212.24010624984354
140 212.4939268708699
144 212.42145707119184
148 212.2542511134968
152 211.76678348413162
156 211.1957958774329
160 210.78829471415418
168 208.89686990777204
172 207.68149869916886
176 206.29616285467284
180 204.7322050139602
184 203.02591749071698
188 201.14609027226737
192 199.1566189696963
196 196.7979551246849
200 194.27357270766663
204 191.40484774199496
208 188.68294172963783
212 185.66098183579726
216 182.16817609806685
220 178.54368800952213
224 174.9537754879671
228 170.66755688971625
232 166.3871927874122
236 162.5325273507247
