68 188.233269563222
72 190.99945619270045
76 193.77256482576087
80 196.3739987216553
84 198.66009128476833
88 200.694503515464
92 202.62794564965716
96 204.4720078982076
100 206.1467291835432
104 207.56266152326248
108 208.6315545259719
112 209.50711160751285
116 210.38182935226564
120 211.10039764090962
124 211.6992306171185
128 212.10181164484968
132 212.41282427154385
136 212.6333958835532
140 212.7561604016627
144 212.67022421544473
148 212.4038504322753
152 211.8253946329242
156 211.30952072841652
160 210.89522284825412
164 210.1574277649678
168 209.0046499968063
172 207.75351014146628
176 206.53383476581212
180 204.88377183189445
184 203.05621151700677
188 201.2162449558514
192 199.36832173875607
196 197.01175853748794
200 194.04762228687494
204 190.88546487505602
208 187.9674071653587
212 185.13593782284116
216 182.15681232895395
220 178.71159895101698
224 174.8609326634956
228 171.0722130033709
232 166.81709398737405
236 163.44288196872407
