64 185.22453541722106
68 188.00276838508455
72 191.07629756693143
76 193.508699093895
80 196.05266601853697
84 198.39231990643495
88 200.43524913021642
92 202.1089764492576
96 203.7389135070005
100 205.20857028611368
104 206.58751813864257
108 207.77538213605686
112 208.88960775891232
120 210.91262932301893
124 211.4162639174122
128 211.82752730756
132 212.12493979495616
136 212.40062086000893
140 212.4846711028016
144 212.5258313801853
148 212.3025370623994
152 211.87045631087182
156 211.4138022335814
160 210.7397083591758
164 209.86866934173077
168 208.7744542456262
172 207.43908862503986
176 206.1143490526898
180 204.51695366026092
184 202.70787602559568
188 200.7191741153412
192 198.51443446587618
196 196.03163912919365
200 193.46072366480723
204 190.79046549533706
208 187.898651697898
212 184.977395593157
216 181.60018264309196
220 178.4083962270521
224 175.0418865238065
228 171.27873274114648
232 166.0408895706156
236 162.73773278912114
