68 188.12193955371725
72 190.87020976440692
76 193.47225227388566
80 195.83000828981378
84 198.17619849532772
88 200.238958127804
92 202.11507723635086
96 203.7616980399823
100 205.292791224198
104 206.7136691346264
108 207.81823759446843
112 208.89109109951974
116 209.8727797418985
120 210.7548393831632
124 211.3145034950139
128 211.78766622706826
132 212.05702554832868
136 212.24454375030604
140 212.38527416204442
144 212.34457937010774
148 212.0350682912914
152 211.55244841248518
156 211.0439909660068
160 210.28583443208822
164 209.50969244817
168 208.4880582941442
172 207.29761237421485
176 205.81727154765468
180 204.08138325787618
184 202.26493446951568
188 200.28647039133358
192 198.00759313549415
196 195.83029410689196
200 193.47309048780946
204 190.8785050178883
208 187.88890093587634
212 184.88089357593492
216 181.45731588883137
220 178.03994581047388
224 174.24730567080408
228 170.2082906400288
232 165.81278682974374
236 162.4107127487145
