68 188.21704985112623
72 190.7879453414243
76 193.3313039143062
80 195.95110860105538
84 198.36567301427982
88 200.47901617787574
92 202.30733422521237
96 203.95469648619272
100 205.39350442822385
104 206.84849201044563
108 208.07576183458252
112 209.07570609814235
120 210.94050932694483
124 211.41178063107
128 211.88254166249214
132 212.13985004245967
136 212.41578738288152
140 212.5962953581272
144 212.4650026295633
148 212.28447693135087
152 211.81769096664823
156 211.38210049487154
160 210.79762004164385
168 208.91260306628038
172 207.75695501930778
176 206.30184817752956
180 204.65792037102028
184 202.82174618295699
188 200.86855089178263
192 198.90012487468408
196 196.6634853501071
200 194.14960052377987
204 191.23972482966977
208 188.26215140873228
212 185.34252099156626
216 182.18882933868105
220 178.78428785712555
224 174.72260355200274
228 170.88828714227841
232 166.4496704024067
236 162.80049717532827
