68 187.96707965368324
72 190.48039361425893
76 192.87694466863763
80 195.28333261894036
84 197.61816320864224
88 199.83252519760035
92 201.83509037041796
96 203.68505764213944
100 205.29910206325061
104 206.7854363098358
108 207.84775528079166
112 208.7716166836962
116 209.54634968801406
120 210.39496770508254
124 211.02348331416766
128 211.49768673988603
132 211.7458142380696
136 211.94198333441045
140 212.0358077911595
144 211.94309365932114
148 211.7230156505106
152 211.34611054172314
156 210.8004125007753
164 209.25453525973307
168 208.21999511276314
172 207.0454644959687
176 205.6350390380083
180 204.08645624436875
184 202.32123289070148
188 200.41256064270007
192 198.53763549648343
196 196.1422856628957
200 193.50399874294146
204 190.62719548278244
208 187.7219038275637
212 184.7343859914206
216 181.53843146240462
220 177.95121232786272
224 174.26817973084536
228 170.48879178543882
232 166.14111549009812
236 162.48657865912844
