64 185.38183635712295
68 187.8011334770813
72 190.84573242264076
76 193.56440215251536
80 196.08067560626634
84 198.32720131381666
88 200.5195131858269
92 202.4372547237592
96 204.31107394261664
100 206.03957467756493
104 207.4952139681327
108 208.5617406388195
112 209.52555256337686
116 210.40691482226913
120 211.11479292826758
124 211.85199562672082
128 212.26432263844004
132 212.48422368667562
136 212.65409244397205
140 212.7846508648428
144 212.83778560498192
148 212.865965446624
152 212.67063868900073
156 212.10748185553234
160 211.47545138202608
164 210.47083812333628
168 209.20016033902343
172 208.08050970031778
176 206.92148620826856
180 205.3019968748169
184 203.55141402481055
188 201.50739824856905
192 199.44901126849237
196 197.15018250414212
200 194.670498688503
204 191.84259516427338
208 188.77303775739043
212 185.66995463899423
216 182.43358355012583
220 178.9898047651483
224 175.58015584934594
228 171.81105482517222
232 167.27523925663616
236 164.0338422018521
