64 185.46136599780462
68 187.67298363388704
72 191.0492626533504
76 193.80743575557472
80 196.36890756321543
84 198.61198703353162
88 200.6589161266407
92 202.58652409172387
96 204.33613115341737
100 205.90405776758476
104 207.3033709349285
108 208.56396595706292
112 209.6298195951626
116 210.48553197552098
120 211.2027831286357
124 211.8316040645572
128 212.32739057643965
132 212.6455636329091
136 212.889806125558
140 213.01103741905587
144 213.10331803132098
148 212.91227838258038
152 212.60534925261226
156 211.9726526350675
160 211.2745350290974
164 210.61387727253378
168 209.6186236638297
172 208.37417542918155
176 206.88645512616952
180 205.14033219594774
184 203.30560167926927
188 201.46204136783436
192 199.46844101984112
196 197.22429064894422
200 194.72578910142846
204 191.8552315265794
208 188.89078879470378
212 186.0196768782148
216 182.9743534400916
220 179.6561986447908
224 175.89186470014806
228 172.2181557694013
232 166.30855099344978
236 163.78742003379688
