64 183.72472295481768
68 186.77178090277505
72 189.72784518380345
76 192.4202092896572
80 194.98023073177495
84 197.20907405515743
88 199.29842515960516
92 201.10525602843813
96 202.88126666810558
100 204.5696866013211
104 206.09351856256524
108 207.25517022722627
112 208.25613601611843
116 209.32063071383882
120 210.18723090472835
124 210.87492515579663
128 211.23936425207756
132 211.57559739726838
136 211.89334057729522
140 211.9398517818259
144 211.95453752401983
148 211.750805588155
152 211.44058220444796
156 210.96507289396428
160 210.39446756633765
164 209.57119522821898
168 208.5124561493567
172 207.41294816594385
176 206.143080017626
180 204.60249178985592
184 202.8736059072481
188 201.00981698542137
192 199.1090079937711
196 197.0486890301402
200 194.7262533169921
204 191.85999574268143
208 188.93215127461878
212 186.0908696371609
216 182.69366546448123
220 179.11890087029897
224 175.6106867802545
228 171.30489735659995
232 166.92577518429044
236 163.54631183639992
