64 185.09732773508324
68 187.9198949344164
72 190.76481805767003
76 193.41240787446839
80 195.7538134559426
84 198.05419114449683
88 200.16549937255624
92 202.17227304184422
96 204.08677898257798
100 205.66094922059722
104 207.0944650511575
108 208.17917247607554
112 209.23418117928543
116 210.1253611948831
120 210.9989973852842
124 211.644664916717
128 212.12624142477142
132 212.45941592923435
136 212.6345024105624
140 212.81049640645887
144 212.8302070073792
148 212.54914671976894
152 212.25660982819488
156 211.68833966060618
160 210.95580171500686
164 210.11327348484485
168 209.03616111092242
172 207.9760588886096
176 206.545430915861
180 205.09636635066096
184 203.4426201376366
188 201.54949098141913
192 199.16667799124755
196 196.8985582916586
200 194.56785018672525
204 192.04062404773154
208 189.28744971670096
212 186.39840101285654
216 183.34633167634294
220 179.99253624043445
224 176.38898443240416
228 171.25291332400258
232 166.13664615697166
236 163.37051195368522
