64 185.57702928669812
68 187.85277748565727
72 190.90660777753098
76 193.48923839032435
80 195.94903448693276
84 198.377662222847
88 200.4031264986436
92 202.28815951462656
96 203.82956994381956
100 205.39471624082606
104 206.8648973945037
108 208.1111556538437
112 209.113498276159
116 210.1537019373195
120 211.087065662041
124 211.6557605210488
128 212.2236103505576
132 212.58192082501495
136 212.69210778015292
140 212.75810306364082
144 212.763177504116
148 212.55621670778567
152 212.22235399746472
156 211.55763032341378
160 210.8813248851928
164 210.13721534790366
168 209.18113740409356
172 208.0888056547857
176 206.69704059769774
180 205.13616800986944
184 203.46255575314524
188 201.54779363728306
192 199.47511295439512
196 197.2632946130898
200 194.88636363515
204 192.1624095591171
208 189.26862410582703
212 186.12177025200597
216 182.62522098377684
220 179.32019093454971
224 175.64432988876212
228 171.60578906114534
232 166.76568150612596
236 163.261345713376
