64 185.93844295430534
68 188.37900125014195
72 191.23151930637522
76 194.1990698260192
80 196.64363992555292
84 198.86428988664764
88 201.02114451402102
92 202.8860669661289
96 204.72656252709777
100 206.34850479228479
104 207.91306481179035
108 209.1708634972349
112 210.33810728091288
116 211.1561650210722
120 211.94971879579765
124 212.41159513967455
128 212.89657798067532
132 213.25513520779919
136 213.62906702998046
140 213.80135987741937
144 213.7234789689668
148 213.4577466587357
152 212.84146203763152
156 212.34238499380706
160 211.6146430273992
164 210.82735058445473
168 209.66271461158976
172 208.39197071300023
176 207.151591879535
180 205.82885062674967
184 204.10223747638378
188 202.24025421668995
192 200.10736554353525
196 197.6603997956886
200 195.22618278581203
204 192.41671098849332
208 189.41435488515052
212 186.28386850316298
216 183.141491580309
220 179.96582063006394
224 176.29227483909716
228 172.51126254336327
232 167.2161063200422
236 164.2884294551326
