64 185.2076942386471
68 187.62555083367272
72 190.37958855225457
76 192.79920081039631
80 195.28086984435396
84 197.71813613628643
88 200.03461617636984
92 201.9671782653161
96 203.65355837497185
100 205.23427896852908
104 206.6877580615398
108 208.08878592552526
112 209.09537805464564
116 210.17403801397668
120 211.09853521681168
124 211.61499790890986
128 211.97064565478374
132 212.27280244165527
136 212.46448006204957
140 212.5819816351355
144 212.4367618989998
148 212.09988082900674
152 211.57162895010464
156 211.33954690237098
160 210.7522770571383
164 209.83778848310055
168 208.8431076697113
172 207.6615202577841
176 206.32084170560924
180 204.7812187965285
184 203.01394092177378
188 201.17084075677485
192 199.09076804790027
196 196.7809358871312
200 194.2802191552474
204 191.4199308433353
208 188.6599073462179
212 185.62844922105216
216 182.27823326227252
220 178.8699090001179
224 175.17361657598644
228 171.0334124313722
232 166.16300539391
236 162.34705022874232
