64 185.10574088699877
68 187.3549106121173
72 190.0651358798176
76 192.4202059728024
80 194.67988843070836
84 196.86981294323695
88 199.07554561956323
92 201.1287758112595
96 202.98767757181784
100 204.64321421836652
104 206.0856566606993
108 207.25067723459955
112 208.21695873056552
116 209.12704485401397
124 210.58259444492876
128 211.11159132271044
132 211.5009768098883
136 211.68632108361916
140 211.82286382551254
144 211.83654149123956
148 211.57542381890036
152 211.16993308098267
156 210.65245861161048
164 209.06576924363853
168 208.09320378119207
172 207.0030246078754
176 205.6242661518
180 204.0960785663758
184 202.37905965785467
188 200.53020028210958
192 198.4640094735463
196 196.19917160579502
200 193.65940745353444
204 190.7995727910391
208 187.96102380329012
212 184.96801452103986
216 181.6026041929464
220 178.17234038819578
224 174.83952738424375
228 171.03166058838508
232 166.92363041089317
236 162.95354054849304
