68 188.20876422760693
72 191.18730998831995
76 193.92261003708154
80 196.3404605280083
84 198.5211952274262
88 200.60823566650282
92 202.5894552002621
96 204.4301368753204
100 206.0532851808027
104 207.41946978126919
108 208.58906592490075
112 209.69559048376067
116 210.54181509410893
120 211.34888596275454
124 211.91389729974662
128 212.37987490842391
132 212.6483910401674
136 212.81052243887444
140 212.92154529493263
144 213.0199532471407
148 212.81667499847947
152 212.6621919071829
156 212.23809693262527
160 211.6233155855104
164 210.7989761507589
168 209.64159138445567
172 208.36983782012265
176 207.0469439765859
180 205.35610644471498
184 203.54726992248047
188 201.59858367550106
192 199.6772056039561
196 197.30720568476477
200 194.5959937702014
204 191.8918021056972
208 189.16152280290777
212 186.1866153590924
216 183.0586505438714
220 179.80474063801685
224 176.04002770898887
228 172.54963113482975
232 167.24903619031096
236 164.32578150725539
