64 184.58615583695098
68 187.21412596941664
72 190.06045065241585
76 192.65895812982427
80 195.16735771915518
84 197.44056047213522
88 199.66791174747243
92 201.67359005285763
96 203.41121067326165
100 204.86855174997933
104 206.36159276147177
108 207.64922675105169
112 208.77771157170062
116 209.7667712830073
120 210.5146707586076
124 211.03246468784334
128 211.5869965536948
132 211.94455859433293
136 212.1958642077375
140 212.34449989153507
144 212.12082975248893
148 211.90334932938745
152 211.50216039192355
156 211.16491645602943
160 210.61559159433975
164 209.6716964426792
168 208.5445832403347
172 207.2892137515615
176 205.92143725771427
180 204.2987522278666
184 202.66130224039048
188 200.8066863942636
192 198.72934697103074
196 196.39586395271087
200 193.7248834743528
204 190.9118765952113
208 188.19076102272385
212 185.3542433989304
216 182.28648818431296
220 178.81372158619843
224 174.96034009556672
228 170.59691836789256
232 165.0781787450918
236 162.08113213601914
