64 184.34028107678165
68 187.26322848676824
72 189.9985423648629
76 192.4062216811443
80 194.70094390723023
84 196.98886164096965
88 199.20005923652468
92 201.29361704974187
96 203.2510534340528
100 204.87256939689811
104 206.29989977266166
108 207.584307745974
112 208.57212356249946
116 209.68589007070847
120 210.59864168008568
124 211.09652179805198
128 211.41553677429744
132 211.79618141916131
136 211.9285483213581
140 212.04683130757542
144 212.08081310230176
148 211.89909965952774
152 211.41264821746785
156 210.9866420546598
160 210.18219076622077
164 209.32491233486977
168 208.2658708289963
172 207.0388650417771
176 205.74815252976668
180 204.32385879057261
184 202.762607062955
188 200.95878279608647
192 198.92585741643467
196 196.5294903787322
200 193.86052301828948
204 191.07151928712887
208 188.31196880344743
212 185.43203861205882
216 181.99145642170407
220 178.32315973858556
224 174.9178290870166
228 170.8165576955777
232 166.2502342424529
236 163.2422461812332
