64 184.6174586616581
68 187.43724023748769
72 189.97091127468371
76 192.40241867452147
80 194.77416728994547
84 196.92994467243636
88 198.94180160335125
92 200.89516521333036
96 202.85123643498562
100 204.67419642822202
104 206.20132384846306
108 207.27771125364518
112 208.24774416204784
116 209.1835127729429
124 210.73741375404862
128 211.2556318689178
132 211.73064485469962
136 211.8320592290712
140 211.91346175110235
144 211.83405048813182
148 211.68888569425872
152 211.35608275321522
156 210.78627939686595
164 209.18784825283777
168 208.2384219483644
172 207.17262387576145
176 205.840259758399
180 204.25559351482474
184 202.39764498182706
188 200.56727896985026
192 198.51152265611046
196 196.27760552224055
200 193.77560246252617
204 191.0856662823461
208 188.45046000543792
212 185.44360552704006
216 182.2350000372142
220 178.7824734502484
224 174.93016859306368
228 170.44539725691442
232 166.1900706719248
236 162.93128912024932
