64 184.67795533364327
68 187.33881472059375
72 190.23584078630984
76 192.8721017745385
80 195.34096621496676
84 197.8454654559101
88 200.06510504727373
92 201.92037636835985
96 203.6357667169339
100 205.20111244559456
104 206.67421550766642
108 207.92669401124198
112 209.01394611539718
116 210.0966252933388
120 211.0272499096567
124 211.52361724068334
128 211.96517692247
132 212.19654164297617
136 212.43135412129735
140 212.63237455943738
144 212.65993897432892
148 212.46193939194262
152 212.06022641771625
156 211.50541011043578
160 210.80726682316222
168 208.94836191226824
172 207.88407881511174
176 206.74454843911008
180 205.29143097068246
184 203.7240997290846
188 201.92040445726352
192 199.89935740088112
196 197.65905638452466
200 195.2102690767261
204 192.4719966580229
208 189.55938488050762
212 186.74461102979808
216 183.62817998845367
220 180.1847594174927
224 176.2701345774595
228 172.09488730093602
232 167.94920273007804
236 164.85609197587632
