64 183.2288285058395
68 186.07803884162053
72 188.86080030214595
76 191.433337662413
80 194.06380960609755
84 196.31497634436204
88 198.35374636147662
92 200.21397240809375
96 202.18018683092657
100 203.87009291207673
104 205.29913126519753
108 206.69346904360634
112 207.88921077685467
116 208.73808990065973
120 209.57885580788448
124 210.20067116940547
128 210.68019163287286
132 211.11556984640285
136 211.4373795612031
140 211.6969762717735
144 211.68438909162984
148 211.38482822636144
152 210.90112514299932
156 210.40458337302505
160 209.78333973003666
164 208.83491609149584
168 207.75996398502144
172 206.61008449623807
176 205.26600762709086
180 203.76151130096704
184 202.21095211965186
188 200.37568759881094
192 198.31636322926943
196 195.98147931064506
200 193.41848049101037
204 190.52529417353327
208 187.81973515352172
212 184.93478785914874
216 181.69041076215103
220 178.20519498536834
224 174.48239015944677
228 170.92607591970375
232 166.14541732556194
236 162.69644193264156
