64 182.74729692079853
68 185.21484635160942
72 187.54122000906986
76 190.03427887549077
80 192.3555485234936
84 194.80983776309114
88 197.00385306138722
92 198.9568790503391
96 200.91491721286633
100 202.52266846399937
104 203.93503663044487
108 205.09097085220353
112 206.26447069754875
116 207.32028863229817
120 208.12205705985264
124 208.7462811990479
128 209.25134195601697
132 209.66335005045343
152 209.39324018535356
156 208.83765307455687
160 208.19351911860178
164 207.40673904753817
168 206.37129263579664
172 205.25430714040732
176 203.86637548115453
180 202.39065663143936
184 200.64512261047344
188 198.92295013290774
192 196.9089578873804
196 194.71365341226928
200 192.1724851934757
204 189.45991962235092
208 186.80802056972306
212 183.7755867671869
216 180.48985141769325
220 177.21192499411296
224 173.79870111861268
228 169.60256992040098
232 164.85902528462083
236 161.44125940095518
