64 182.9154929688907
68 185.2796995228981
72 187.99692483546704
76 190.56708985341822
80 193.119188187083
84 195.63235439139874
88 197.86417594491928
92 199.68397792530425
96 201.46133796896362
100 203.1596968676182
104 204.8580205155559
108 206.19458036046944
112 207.25248645279552
116 208.03558813077578
120 208.7623436675622
124 209.52755619455573
132 210.3368968750247
136 210.47368577812273
140 210.5363142123274
144 210.57660843025735
148 210.49316613152018
152 210.26745328231718
156 209.72943907632384
160 209.039912025057
164 208.3678508970307
168 207.29887727492044
172 206.13602767224862
176 204.8083988010236
180 203.3246229756307
184 201.47141463061348
188 199.5003815403853
192 197.43656983043044
196 195.4713923295428
200 192.97078393333055
204 190.10742624084494
208 187.2819183670075
212 184.35070063877404
216 181.3072734595446
220 177.9367791669501
224 174.29132889264804
228 170.6289668639629
232 165.78917604780776
236 162.13732939821077
