64 185.07844048191657
68 187.41018038210086
72 189.87463760196727
76 192.27089765288338
80 194.67776655229778
84 196.8912705969435
88 198.98625973815362
92 201.0188018084666
96 202.92337453334636
100 204.7220067959354
104 206.17626944715985
108 207.28529907945097
112 208.3096131973413
116 209.350045807438
120 210.18272090884798
124 210.7830288188855
128 211.3153471320146
132 211.75893128989497
136 211.92899587364442
140 212.08251550285672
144 211.98101139993963
148 211.63651395730452
152 211.23043191359602
156 210.7190774498615
164 209.09480284085905
168 208.22189081921266
172 207.15657845908635
176 205.7469730037399
180 204.11680646863294
184 202.50798644765132
188 200.815521331524
192 198.98187895270357
196 196.72120334976975
200 194.18121395396298
204 191.40517133742708
208 188.49444709141963
212 185.59786390306743
216 182.51430751621518
220 178.79907543584517
224 174.9162153776277
228 170.98350713465268
232 165.73022427490196
236 162.74761819057517
