64 184.62138779174404
68 187.4654876872671
72 190.10322573207975
76 192.43379936264571
80 194.7217941517968
84 196.79848205038928
88 198.87612725264563
92 200.95916657989721
96 202.81859053114817
100 204.65263875290375
104 206.23702007254022
108 207.59071144257652
112 208.72764478915525
116 209.8079556733131
120 210.50861617197342
124 211.0669490576596
128 211.4298385171015
132 211.75963214333785
136 212.01108946749721
140 212.27873119606258
144 212.29877298137
148 211.96155398965237
152 211.4111069183126
156 211.1509954301364
160 210.51286940005815
164 209.47938264441814
168 208.53686360851887
172 207.47113273351033
176 206.34533071783142
180 204.9577234428342
184 203.15235384997538
188 201.14255224603968
192 199.15931175985227
196 197.01870873750113
200 194.52290549023587
204 191.79121309254504
208 189.10435883330277
212 186.21990292655886
216 182.99475835276579
220 179.787973037028
224 176.07631766501933
228 171.6674173380323
232 166.97922173647044
236 163.397226616588
