64 182.92940398558648
68 185.60925302789065
72 188.33798684340513
76 191.13120118167973
80 193.72893533993425
84 196.1374998612787
88 198.208314423858
92 200.2079584059687
96 202.0979774246045
100 203.81728258856913
104 205.20662483751266
108 206.43597352244882
112 207.49603520043945
116 208.3572181781194
120 209.2563995547477
128 210.4832821415993
132 210.97987050629854
136 211.42959933340566
140 211.6400270070703
144 211.4557645317895
148 211.1493787936311
152 210.78300789185798
156 210.3827639070585
160 209.67370301952695
164 208.7856837764635
168 207.81820437618697
172 206.81921632647672
176 205.5924299988871
180 204.13388513199772
184 202.354285067833
188 200.393384933871
192 198.17397903083491
196 195.8001539965615
200 193.23072436870447
204 190.57292627416015
208 187.8475647892955
212 184.86038684991016
216 181.5928890756972
220 178.33176506744758
224 174.72957803840438
228 170.83053328991173
232 166.61410244726977
236 162.74666462797222
