96 185.15684163871205
100 186.65026594552353
104 187.94556176151252
108 188.9427679932412
112 189.67986425776053
116 190.24485082450425
120 190.77702214456107
124 191.22715082465305
128 191.64812654584898
132 191.89779509233648
136 191.9917717389966
140 191.86790609522473
144 191.5214606401596
148 191.11428049691068
152 190.43729974716723
156 189.62096299152165
160 188.70976987260028
164 187.6991071448266
168 186.55641061879567
172 185.27167121494693
176 183.62988356283893
180 181.69900974348894
184 179.5972575596224
188 177.25967084815454
192 175.02265606254716
196 172.65038069625672
200 169.87282721166144
204 166.90279749973485
208 163.77729278191975
212 160.33230963737415
216 156.49150944696657
220 152.3923719216133
224 148.51453183853025
228 143.51893696454505
232 140.47966003777117
