68 187.13823362420567
72 190.40422503495012
76 193.0324757436485
80 195.668913894056
84 198.15729641413566
88 200.51659307909853
92 202.30118914852622
96 203.91082387289262
100 205.43463159611343
104 206.88739367108207
108 208.16268048716148
112 209.31812071284216
116 210.28518635305053
120 211.20220072904937
124 211.8654709601735
128 212.5594350314801
132 212.97765504244094
136 213.39242889273407
140 213.69091243560064
144 213.71572636784921
148 213.47314446346547
152 212.98638246320732
156 212.55158905649995
160 211.84283313690776
164 211.16105430811885
168 210.20338515627896
172 209.11051738768697
176 207.90169516129714
180 206.59197182227706
184 205.10458162431505
188 203.36016391964847
192 201.213383602026
196 198.97785866607086
200 196.4926024968405
204 193.77530381773204
208 190.6864852535713
212 187.5802078896962
216 184.5197927059122
220 181.46615019117775
224 178.26251657671347
228 174.43788265827504
232 170.1166083166384
236 166.21633069788868
