60 183.20310714332587
64 186.44386493088177
68 189.36920818072787
72 191.93587875662539
76 194.45431508439447
80 196.72041995651807
84 199.01951534790902
88 201.15374749314228
92 202.99469373925032
96 204.53974582314387
100 205.9171020316877
104 207.20882886408612
108 208.2714737288615
112 209.21378551768748
120 210.81187706953895
124 211.30012377938485
128 211.41145062143778
132 211.69537920158507
136 211.88985990894525
140 211.88494075697324
144 211.74686618542813
148 211.4592063718242
152 210.91206107895226
156 210.25477296101369
160 209.2963338150832
164 208.32629667973228
168 207.21388236782252
172 205.64707267736128
176 203.919500762799
180 202.16511300148838
184 200.26397125300872
188 198.2625771590949
192 195.9606579514243
196 193.2711810477861
200 190.24077412093317
204 187.35166728939322
208 184.38894627423582
212 181.16371476422808
216 177.60646133404055
220 174.16196484985227
224 170.26634356988308
228 166.0262891637539
