80 179.5398512614426
84 182.34482656618104
88 184.4039843538677
92 186.22058674492655
96 187.7687588326426
100 189.02041155973953
104 190.2037722211588
108 191.23705710862987
112 192.13335763320345
116 192.9058102320683
120 193.59889460527754
124 194.15625393517854
128 194.38965604028533
132 194.47909461202943
136 194.54230510551963
140 194.40772333846007
148 193.65282915417518
152 193.0845833938206
156 192.52030598515836
160 191.79441969980914
164 190.78151734354668
168 189.3470953091072
172 187.8635413085231
176 186.1208907355885
180 184.27683644777585
184 182.43106222024988
188 180.35919978993888
192 178.03880082669832
196 175.25162848259237
200 172.33435458317626
204 169.25139316519864
208 166.1199917123082
212 162.6182829859393
216 158.47245511429742
220 154.38643388534416
224 150.89330136880153
228 145.66152073862048
