64 184.65060714091084
68 187.20406132650194
72 190.28591344557896
76 192.81879541400087
80 195.21490117804512
84 197.56930811071905
88 199.9183296045697
92 202.10875749296872
96 204.0731742790828
100 205.70160878455283
104 207.19038465092066
108 208.44272065208168
112 209.64684150460002
116 210.48475546957008
120 211.2374110121387
124 212.05958535722988
128 212.73539744094123
132 213.25381580898812
136 213.63578629539302
140 213.8366331766266
148 213.7227892189112
152 213.4459731585235
156 212.96642399300404
160 212.2771349468458
164 211.63966905326734
168 210.53914990182466
172 209.34690434925113
176 208.09586169221532
180 206.75550644099562
184 205.2021100642317
188 203.44395811319822
192 201.32226923281436
196 198.9713675634588
200 196.4514651782718
204 193.81928436094157
208 191.2655196868119
212 188.301608631237
216 185.06882411454546
220 181.77931250968845
224 178.56798233593375
228 174.89589519798017
232 170.58731462026273
236 166.47995513902805
