64 174.55751752529665
68 177.42731723203923
72 180.13156131370633
76 182.7915081742322
80 185.1312795848325
84 187.50122469900361
88 189.48418801055445
92 191.3067857887585
96 192.8903687518118
100 194.41837099733357
104 195.73065115722852
108 196.96507342415333
116 198.96967645590018
120 199.3754410811682
124 199.75634903961668
128 199.9947535028074
132 200.37824203942262
136 200.49969073664403
140 200.39385262861788
144 200.26975344862598
148 199.76064570744123
152 199.25975954116683
156 198.67484431104825
160 197.81214742787785
164 196.73210154782987
168 195.63990174800819
172 194.53768001420912
176 193.2001692405977
180 191.47487424134795
184 189.31324667455794
188 187.179802724738
192 185.04960457267532
196 182.55282678028738
200 179.67506292869922
204 176.8809475571613
208 174.0219782822913
212 170.75865112398856
216 167.31317579610277
220 163.71362374034794
224 159.50818850324083
228 155.0230197816143
232 150.2282595675465
