56 178.75702363388018
60 180.77432390066747
64 183.60210113856624
68 186.37457157498682
72 188.62009113177191
76 190.92050896521033
80 193.05053811058846
84 195.01841712113165
88 196.82450995738247
92 198.43325109560053
96 199.85197471557507
100 201.16484284119753
104 202.31730501753313
108 203.204869857355
112 204.06211643769768
116 204.90009571222663
120 205.47107392982394
124 205.8736796873131
144 205.4581458749014
148 204.87184814948841
152 204.24967591134322
156 203.41635846923424
160 202.50435813954385
164 201.4377527359169
168 200.28797997020646
172 199.0067427531225
176 197.37787681458173
180 195.55694182458646
184 193.45683119717287
188 191.39395221292892
192 188.99023541386634
196 186.31607951025342
200 183.4596196485353
204 180.6984241801083
208 177.68626302637756
212 174.056822149617
216 170.3181729601102
220 166.01380935961504
224 161.35139960608598
228 157.4329681469544
