128 191.04808880369274
132 190.5421022081449
136 190.33773733111843
144 189.59486421981876
148 189.2339319527695
152 188.6913201987116
156 187.94139196946395
160 186.89302819422244
164 185.6514603206772
168 184.28209228604013
172 182.89876452813564
176 181.1535330480623
180 179.26459850116765
184 176.87776715539707
188 174.43608377780743
192 171.85428245471516
196 169.16410384140443
200 166.24351119981304
204 163.34020535776142
208 160.37309380976154
212 156.79105230096192
216 152.59251210453232
220 148.091892417549
224 144.16521607047707
228 139.92768799357975
232 136.20479623509175
