68 187.75509508265435
72 190.5483229115374
76 193.2932390204049
80 195.7824306938059
84 198.19365616644995
88 200.38225096662785
92 202.35195168513374
96 204.2378561348786
100 206.02752821060977
104 207.56575160477857
108 208.909987283856
112 210.09616265772488
116 211.00879497890094
120 211.8592350659984
124 212.3368434515222
128 212.875190362643
132 213.24095439072292
136 213.62697354768744
140 213.83178235118075
148 213.59755781265523
152 213.1071630284651
156 212.50933664732167
160 211.81216911527883
164 211.16958594201458
168 210.21893901713582
172 209.04782493159422
176 207.6814355953935
180 206.15144912115866
184 204.50024649111532
188 202.77057911344238
192 200.89753434090744
196 198.6708287968779
200 196.03860396786828
204 193.51495580778217
208 190.68171243907878
212 187.49432680603596
216 184.44320721854228
220 181.31300312956694
224 177.9988894010752
228 174.19173533168612
232 169.30487269557653
236 165.35352632884388
