72 176.9791429711263
76 179.0738085272083
80 181.42047257695748
84 183.6590193860738
88 185.61207880604337
92 187.3921832442971
96 188.96088791473284
100 190.27626978717348
104 191.32386571491213
108 192.15746775376172
112 192.9834104300221
116 193.60939343253457
120 194.20151094661009
124 194.46964416494876
128 194.47507073784251
132 194.47090702179173
136 194.5356034633753
140 194.52646792711448
144 194.2655846195478
148 193.77637478095974
152 193.2155052083634
156 192.491543080274
160 191.44198267038087
164 190.21053888882682
168 188.90732691296972
172 187.52689267702914
176 186.17255251470505
180 184.27780285177735
184 182.06594923311354
188 179.78923424487908
192 177.27635995280446
196 174.43135806681596
200 171.50974082125643
204 168.47389905512733
208 165.20651239050846
212 161.92988719304674
216 158.07832334271524
220 154.03468184552568
224 150.08828944799487
228 145.02414992975469
