68 171.9192342856541
72 174.17713943586955
76 176.3412167891306
80 178.66291735984652
84 180.73618658783613
88 182.57231711293716
92 184.32465640815502
96 186.01314892092455
100 187.4294918182672
104 188.68781620112512
108 189.77007460893293
112 190.71900345484067
116 191.34930750671128
120 191.94688090186787
124 192.32707960260967
128 192.51740103174194
132 192.74593786310263
136 192.74264981336577
140 192.76747431565465
144 192.70760441539994
148 192.42193786786117
152 191.96470458268118
156 191.34392960759538
160 190.5111176656538
164 189.39367265868907
168 188.18306595380693
172 186.82608181394158
176 185.2826230661442
180 183.63207715103627
184 181.59732080524785
188 179.23819082765655
192 176.66894055189624
196 173.8165265462003
200 171.10748723862224
204 168.37744843347835
208 165.5686675274753
212 162.5486174656134
216 158.94014510298246
220 155.15383131742502
228 144.14047153749578
