64 170.36504697675008
68 172.74135813245
72 175.33957378703923
76 177.60421775189943
80 179.75153022376864
84 181.7423138779747
88 183.50692182701567
92 185.01573382563944
96 186.4633220118855
100 187.8151035968233
104 189.02752759681044
108 190.0776305850211
112 190.98057658812976
116 191.44331194396568
120 191.9665330371359
124 192.25609526148224
128 192.32618455938106
132 192.37218086668562
136 192.38883745805094
140 192.23533519427514
144 192.07839354440662
148 191.77442165185624
152 191.27468131089387
156 190.28494665196246
160 189.1643101997767
164 187.95433438213
168 186.58905915414994
172 185.1428624638932
176 183.51893384402936
180 181.4492904649897
184 179.21632886896452
188 177.00478499701651
192 174.56012969866833
196 172.08179614043758
200 169.21499980526778
204 165.98372235639556
208 162.66794911640625
212 158.92112857600694
216 154.72113155422875
220 150.97109396988705
224 145.41955697114213
228 141.6811253195023
