64 168.93835050884348
68 171.69338818764282
72 174.21235099784664
76 176.64643999941563
80 178.93943022509768
84 180.99471823244988
88 182.86005535911454
92 184.67769929935542
96 186.1646422816233
100 187.56465682485063
104 188.82695111900819
112 190.94905750959884
116 191.63762539317264
120 192.2195303823861
124 192.54255181628557
128 192.65349531874278
132 192.76987842439945
136 192.81352661338002
140 192.66226160533697
144 192.50004229977614
148 192.2660261726445
152 191.8939977809253
156 191.2847767641731
160 190.47453316140212
164 189.4811309622271
168 188.11772717562445
172 186.73146695755048
176 185.0986859172944
180 183.31557478478186
184 181.19384482489338
188 178.91080996227254
192 176.45628717587348
196 173.72578136908663
200 170.8131187274713
204 167.64152279949963
208 164.50539973276364
212 161.03644747383163
216 157.8635383487317
220 154.23340972467912
224 149.22583446025448
228 143.87196757141692
